1.24921 1.28477 1.31774 1.30419 1.30234 1.26746 1.23722 1.28809 1.27089 
1.25391 1.25609 1.27523 1.24011 1.29392 1.27102 1.26205 1.24361 1.28379 
1.26098 1.25135 1.27727 1.28867 1.26489 1.24371 1.24512 1.34016 1.29087 
1.27201 1.32483 1.32221 1.33726 1.30854 1.25353 1.31617 1.29873 1.28223 
1.26567 1.25044 1.23558 1.33258 1.30569 1.2876 1.26732 1.33246 1.32102 
1.31258 1.27747 1.24617 1.24225 1.25236 1.32947 1.29894 1.29415 1.28776 
1.25318 1.30464 1.27229 1.27202 1.23672 1.2603 1.31502 1.31667 1.27232 
1.2394 1.25621 1.32678 1.33478 1.30596 1.30079 1.28775 1.26911 1.31823 
1.3114 1.29522 1.28288 1.25025 1.24531 1.33598 1.32678 1.30274 1.27358 
1.28973 1.2808 1.26541 1.24405 1.30645 1.29936 1.257 1.2632 1.2418 
1.26047 1.3314 1.31644 1.32007 1.24067 1.28071 1.26738 1.24851 1.2765 
1.25698 1.23733 1.30214 1.28361 1.26489 1.24648 1.28786 1.27187 1.255 
1.23611 1.30273 1.28864 1.27186 1.2555 1.239 1.27124 1.25431 1.23884 
1.31638 1.30213 1.28719 1.23804 1.19659 1.18092 1.23186 1.21503 1.19843 
1.16081 1.16102 1.13927 1.21623 1.18099 1.14424 1.14426 1.12435 1.20007 
1.18146 1.16376 1.13319 1.12223 1.16085 1.12698 1.163 1.14462 1.1284 
1.2191 1.20316 1.22221 1.16789 1.13103 1.18694 1.18531 1.16447 1.14889 
1.13216 1.2268 1.20643 1.19015 1.17454 1.17199 1.15158 1.11938 1.22759 
1.20855 1.19504 1.15865 1.15573 1.13606 1.22954 1.21187 1.21215 1.17725 
1.1931 1.13799 1.12287 1.22868 1.1768 1.15883 1.14176 1.15276 1.22008 
1.18052 1.16433 1.11999 1.19936 1.21494 1.1617 1.13173 1.22783 1.23315 
1.19449 1.2175 1.20056 1.15642 1.14587 1.12349 1.20996 1.19147 1.1809 
1.1656 1.13837 1.2249 1.21821 1.17575 1.20294 1.15161 1.13701 1.20157 
1.17436 1.14632 1.12351 1.13108 1.18507 1.16561 1.13166 1.20522 1.17016 
1.23225 1.22312 1.21053 1.1881 1.16863 1.17968 1.12735 1.2167 1.19795 
1.16036 1.14069 1.16166 1.2114 1.17248 1.15128 1.14772 1.12983 1.22564 
1.20669 1.18631 1.15268 1.19288 1.13038 1.22965 1.22509 1.1919 1.17286 
1.14002 1.1424 1.20665 1.18558 1.22876 1.20868 1.18743 1.21718 1.19822 
1.17798 1.15903 1.13961 1.12143 1.2284 1.21134 1.19336 1.15966 1.15927 
1.13863 1.11989 1.21958 1.19766 1.17725 1.15435 1.13858 1.22138 1.20383 
1.18133 1.16974 1.13379 1.20501 1.18795 1.16899 1.15174 1.13313 1.22337 
1.18832 1.15076 1.12939 1.17739 1.15007 1.13036 1.1952 1.17719 1.15775 
1.13751 1.12475 1.22621 1.20749 1.18838 1.16772 1.14626 1.21886 1.19866 
1.1775 1.15622 1.13522 1.1676 1.14594 1.12451 1.01329 1.11751 1.09323 
1.06906 1.01474 1.10238 1.07996 1.05835 1.04575 1.03761 1.00288 1.1102 
1.0968 1.08861 1.06646 1.03554 1.02432 1.10822 1.075 1.05413 1.03084 
1.00482 1.06588 1.05478 1.04371 1.02109 1.10504 1.088 1.07862 1.08981 
1.06796 1.03369 1.01186 1.04888 1.0256 1.00335 1.08146 1.03932 1.09384 
1.0193 1.00019 1.05998 1.01673 1.09264 1.10852 1.07246 1.05242 1.01093 
1.11634 1.1117 1.06989 1.03203 1.00294 1.09936 1.06057 1.04635 1.03942 
1.05152 1.02423 1.10298 1.08003 1.07745 1.03103 1.10561 1.08596 1.02522 
1.04762 1.01046 1.06633 1.00105 1.09737 1.07575 1.05412 1.03039 1.1119 
1.07672 1.05879 1.03856 1.01684 1.09195 1.08106 1.06072 1.03936 1.02333 
1.01754 1.11617 1.09913 1.06126 1.04343 1.01344 1.00363 1.09783 1.11109 
1.05048 1.07742 1.03729 1.03278 1.11586 1.07348 1.0557 1.02267 1.09331 
1.0957 1.00908 1.11055 1.07315 1.0526 1.01559 1.10726 1.08941 1.06834 
1.03592 1.03361 1.1189 1.08517 1.09415 1.05131 1.02968 1.01245 1.10788 
1.07491 1.07274 1.04009 1.01798 1.09723 1.05207 1.06212 1.0278 1.10765 
1.08571 1.06512 1.04411 1.02277 1.00564 1.00842 1.11888 1.10411 1.06649 
1.02549 1.10254 1.08381 1.06412 1.0433 1.00717 1.08299 1.06187 1.04517 
1.02449 1.00394 1.11673 1.10054 1.07953 1.05601 1.04018 1.01818 1.11457 
1.09627 1.07679 1.03309 1.03965 1.02097 1.00799 1.09473 1.07543 1.05954 
1.02113 1.00188 1.11311 1.09282 1.05425 1.04786 1.11103 1.06994 1.05346 
1.0278 1.01185 1.11012 1.09218 1.07237 1.05266 1.03292 1.11701 1.08938 
1.07315 1.04982 1.03155 1.00962 1.09501 1.08423 1.04715 1.00744 1.02776 
1.11419 1.10405 1.06856 1.06535 1.02905 1.10478 1.09087 1.06695 1.04813 
1.02696 1.00699 1.08559 1.04576 1.00742 1.01347 0.952433 0.990163 0.931606 
0.913938 0.892512 0.968985 0.981132 0.948476 0.935146 0.914532 0.895943 0.992632 
0.958127 0.946101 0.915741 0.904523 0.888188 0.982385 0.969431 0.960042 0.92501 
0.914243 0.894645 0.882854 0.997096 0.973601 0.952152 0.937209 0.911644 0.966899 
0.943894 0.932092 0.900425 0.881217 0.990105 0.981836 0.958888 0.921947 0.900112 
0.961185 0.920098 0.995571 0.980017 0.946435 0.930783 0.949913 0.89887 0.990355 
0.959967 0.969724 0.929067 0.921449 0.892036 0.981375 0.94015 0.952002 0.911583 
0.901614 0.882681 0.976581 0.994505 0.969131 0.936914 0.929882 0.903961 0.887873 
0.973459 0.960636 0.915161 0.897909 0.987734 0.993782 0.971354 0.933977 0.91178 
0.891534 0.998622 0.978626 0.956985 0.941405 0.918745 0.896798 0.983766 0.962809 
0.925641 0.905061 0.885546 0.884849 0.993435 0.965978 0.944708 0.92537 0.90219 
0.97329 0.978897 0.987763 0.951508 0.915957 0.881065 0.881631 0.956761 0.935953 
0.920198 0.941058 0.898429 0.957329 0.883454 0.994107 0.972805 0.952398 0.940154 
0.920557 0.901451 0.884849 0.991391 0.973495 0.957226 0.929042 0.889413 0.906893 
0.999206 0.977737 0.936003 0.940979 0.913984 0.918248 0.999416 0.984455 0.962532 
0.946313 0.924775 0.903548 0.897923 0.988223 0.967324 0.930387 0.909856 0.8882 
0.883404 0.950224 0.985724 0.932788 0.912676 0.891902 0.98842 0.953449 0.946406 
0.924595 0.901989 0.979474 0.967981 0.956087 0.892883 0.881281 0.993931 0.971337 
0.949838 0.934281 0.88932 0.985861 0.965382 0.928896 0.909057 0.913708 0.980845 
0.958308 0.946173 0.889921 0.912772 0.929463 0.909423 0.997685 0.976139 0.937925 
0.986893 0.961283 0.938293 0.989974 0.975606 0.955197 0.933007 0.918455 0.899695 
0.995667 0.969236 0.948677 0.912217 0.911187 0.887775 0.968525 0.950141 0.930002 
0.927504 0.892838 0.986837 0.988322 0.968554 0.949366 0.912731 0.901633 0.987375 
0.968346 0.933272 0.926154 0.900119 0.890555 0.94916 0.769458 0.824782 0.869986 
0.855152 0.838955 0.820804 0.78749 0.875509 0.857176 0.828639 0.806868 0.803533 
0.784324 0.867292 0.847176 0.810351 0.790274 0.771781 0.853976 0.832736 0.874745 
0.86054 0.838199 0.843047 0.818076 0.766105 0.87959 0.857243 0.820037 0.802933 
0.784102 0.873306 0.854319 0.836412 0.798387 0.793269 0.877026 0.83299 0.813423 
0.809475 0.776669 0.772758 0.862931 0.844077 0.826949 0.79188 0.779842 0.864417 
0.844966 0.824486 0.804097 0.787886 0.773089 0.878089 0.858685 0.842939 0.842246 
0.823438 0.768719 0.805191 0.853109 0.855633 0.81638 0.794338 0.772829 0.873369 
0.836419 0.836322 0.808446 0.804592 0.783892 0.775486 0.863918 0.828469 0.816303 
0.796343 0.765069 0.848909 0.847195 0.821476 0.80159 0.78051 0.787913 0.769294 
0.842247 0.809406 0.789406 0.793341 0.829463 0.866988 0.863178 0.828195 0.774905 
0.863591 0.845809 0.787106 0.799972 0.863879 0.824044 0.766511 0.829327 0.772356 
0.778789 0.86343 0.866349 0.81086 0.823462 0.791866 0.764531 0.859536 0.841204 
0.845091 0.815041 0.80222 0.783487 0.878412 0.826315 0.812016 0.829574 0.794187 
0.7753 0.784166 0.866192 0.850382 0.847339 0.803124 0.764578 0.872569 0.836976 
0.870201 0.860627 0.849353 0.815455 0.794908 0.775441 0.765208 0.873562 0.829063 
0.819371 0.807518 0.782729 0.87228 0.854111 0.840352 0.835084 0.816357 0.799354 
0.782794 0.770136 0.776046 0.804755 0.869321 0.850308 0.829688 0.797102 0.830473 
0.81471 0.783535 0.764862 0.849699 0.868175 0.795434 0.846422 0.808882 0.880128 
0.865546 0.845522 0.873431 0.852785 0.832148 0.810072 0.878315 0.858014 0.839034 
0.821136 0.803215 0.785087 0.865885 0.843459 0.821813 0.80553 0.771824 0.878545 
0.857138 0.825179 0.790387 0.78348 0.756299 0.702477 0.736362 0.748787 0.742374 
0.718126 0.741329 0.731409 0.71025 0.709804 0.688769 0.756168 0.756754 0.7598 
0.723366 0.70567 0.729543 0.725761 0.75244 0.749002 0.693487 0.73559 0.736046 
0.753656 0.719166 0.689632 0.676288 0.675991 0.746948 0.702927 0.707688 0.691471 
0.691775 0.66106 0.756334 0.738509 0.705437 0.69825 0.679228 0.662524 0.733704 
0.721583 0.710075 0.726914 0.676187 0.663265 0.757041 0.752682 0.726089 0.713407 
0.695257 0.68098 0.666247 0.74422 0.737768 0.764171 0.686211 0.71759 0.747016 
0.720657 0.700595 0.75917 0.740332 0.728712 0.694754 0.684134 0.733469 0.725957 
0.7112 0.703067 0.687302 0.676148 0.751941 0.736753 0.70489 0.716763 0.688497 
0.673206 0.745777 0.745293 0.715249 0.691681 0.662133 0.726234 0.674858 0.708524 
0.693469 0.677995 0.661879 0.659888 0.755977 0.741135 0.745241 0.760673 0.727152 
0.762225 0.733797 0.730467 0.715929 0.689725 0.748563 0.751266 0.712842 0.718536 
0.74646 0.7355 0.725698 0.706868 0.702856 0.75574 0.735422 0.692764 0.676401 
0.716765 0.753881 1.38508 1.34535 1.36193 1.37122 1.35598 1.35045 1.36276 
1.34815 1.4013 1.36278 1.34682 1.3461 1.41947 1.39573 1.37276 1.42984 
1.40823 1.38547 1.38608 1.37288 1.36021 1.41169 1.39806 1.38753 1.36256 
1.3758 1.36112 1.4002 1.40087 1.38752 1.37449 1.34814 1.34947 1.41177 
1.38835 1.36244 1.34644 1.40068 1.3491 1.37487 1.38984 1.376 1.36218 
1.37175 1.3468 1.44561 1.42916 1.43571 1.38076 1.38532 1.35403 1.43833 
1.4264 1.41605 1.4072 1.36836 1.38045 1.40394 1.43928 1.43909 1.41825 
1.40854 1.39599 1.39194 1.39452 1.35505 1.36182 1.43504 1.4293 1.41786 
1.40251 1.3928 1.38813 1.37392 1.36349 1.42645 1.42388 1.39698 1.37889 
1.38337 1.36967 1.35722 1.34852 1.43634 1.41015 1.40517 1.41635 1.41665 
1.35645 1.39241 1.43275 1.43433 1.41481 1.39218 1.40156 1.35636 1.43358 
1.40439 1.38676 1.37928 1.36525 1.37095 1.40891 1.41333 1.42293 1.37877 
1.42419 1.43334 1.4232 1.41199 1.38917 1.37489 1.38711 1.35077 1.44297 
1.43209 1.41158 1.4013 1.39691 1.38236 1.35913 1.35838 1.35078 1.44539 
1.42115 1.41426 1.44384 1.40073 1.36669 1.3608 1.42524 1.37324 1.34657 
1.37863 1.38952 1.39321 1.4023 1.37913 1.36537 1.37713 1.34761 1.35149 
1.40297 1.3625 1.37072 1.41322 1.39461 1.3889 1.3815 1.36778 1.34558 
1.35666 1.42574 1.41415 1.39193 1.37691 1.3701 1.35613 1.41446 1.40161 
1.38451 1.36357 1.40416 1.35929 1.34602 1.42485 1.34839 1.34644 1.35986 
1.37332 1.35465 1.38284 1.36913 1.36183 1.29063 1.27647 1.2456 1.25861 
1.26608 1.23928 1.27114 1.25259 1.33627 1.32845 1.31089 1.29393 1.28591 
1.27711 1.26713 1.25673 1.321 1.30376 1.33917 1.31478 1.312 1.29548 
1.26749 1.24926 1.34059 1.3323 1.32089 1.3034 1.28643 1.27833 1.26859 
1.26024 1.23995 1.32453 1.30669 1.29508 1.276 1.25783 1.25072 1.33045 
1.29894 1.28649 1.26828 1.24005 1.24189 1.30217 1.28466 1.25197 1.31454 
1.33247 1.33256 1.31671 1.30291 1.33005 1.31917 1.29295 1.33362 1.32222 
1.30684 1.33715 1.30929 1.31904 1.32816 1.30113 1.33478 1.28283 1.33949 
1.34327 1.34237 1.3422 1.33667 1.30506 1.33219 1.32166 1.30104 1.2852 
1.31695 1.34208 1.32834 1.31069 1.33383 1.2935 1.31844 1.34514 1.33148 
1.3184 1.33213 1.2895 1.29355 1.27631 1.31072 1.27132 1.25951 1.24569 
1.23589 1.32133 1.33656 1.30622 1.28039 1.25961 1.24088 1.32307 1.33392 
1.31861 1.30161 1.28853 1.27154 1.25401 1.2446 1.33137 1.31582 1.2992 
1.30596 1.26441 1.25289 1.3436 1.32673 1.31076 1.28205 1.29407 1.28221 
1.24499 1.33991 1.32351 1.275 1.27429 1.25662 1.29115 1.26343 1.30461 
1.25744 1.24128 1.27298 1.25773 1.24411 1.28061 1.26204 1.29927 1.24334 
1.16446 1.13557 1.23362 1.21332 1.19876 1.17971 1.16077 1.14358 1.12287 
1.22616 1.20783 1.19056 1.16931 1.14622 1.12551 1.2344 1.21769 1.19438 
1.1812 1.17426 1.15358 1.13231 1.21684 1.19956 1.16078 1.14675 1.13846 
1.20475 1.18425 1.16499 1.14615 1.12749 1.16997 1.12287 1.21635 1.19963 
1.2347 1.23149 1.19868 1.18223 1.23102 1.21857 1.17439 1.21141 1.19123 
1.17281 1.15068 1.15303 1.13351 1.22367 1.21823 1.20563 1.18731 1.22201 
1.17255 1.18853 1.16863 1.15129 1.13131 1.22403 1.19181 1.20658 1.18501 
1.16574 1.14906 1.20521 1.20293 1.22172 1.21459 1.23316 1.14706 1.1259 
1.17233 1.16479 1.13842 1.20806 1.18336 1.18879 1.15365 1.13447 1.22502 
1.2073 1.18862 1.1514 1.11982 1.12682 1.22662 1.20837 1.17254 1.15908 
1.13965 1.1336 1.2087 1.20912 1.19181 1.17559 1.1547 1.13581 1.22599 
1.17348 1.15391 1.22788 1.19133 1.11663 1.03874 1.10172 1.07921 1.05933 
1.0471 1.01645 1.1061 1.08592 1.06591 1.02778 1.02677 1.00715 1.11225 
1.0918 1.07075 1.04991 1.03133 1.00973 1.11622 1.07709 1.0916 1.05451 
1.03817 1.01717 1.10791 1.09803 1.07086 1.05806 1.0235 1.10057 1.08689 
1.06558 1.04857 1.0287 1.00795 1.08008 1.05922 1.04325 1.02142 1.0378 
1.01269 1.11175 1.09673 1.07545 1.11511 1.09239 1.07605 1.02764 1.00599 
1.11131 1.09059 1.05072 1.0064 1.10302 1.06827 1.04529 1.02503 1.02823 
1.08249 1.06255 1.04189 1.00698 1.11808 1.09742 1.11217 1.08941 1.06686 
1.05186 1.02304 1.00892 1.10378 1.08196 1.05939 1.04506 1.03522 1.09608 
1.08661 1.0718 1.04938 1.02863 1.01298 1.10789 1.0995 1.06545 1.05856 
1.04208 1.00814 1.11893 1.07956 1.03408 1.01964 1.00768 0.909953 0.995652 
0.972545 0.950209 0.933165 0.912805 0.89218 0.986 0.962528 0.933952 0.922383 
0.898901 0.989245 0.968695 0.947496 0.931335 0.910339 0.887871 0.995002 0.971936 
0.950701 0.936974 0.916748 0.895996 0.999921 0.978779 0.957712 0.945188 0.92305 
0.900815 0.887551 0.9878 0.967168 0.930033 0.908298 0.895222 0.999323 0.975542 
0.951333 0.937043 0.91681 0.979822 0.959341 0.914746 0.886111 0.923479 0.900089 
0.967235 0.987987 0.968189 0.950854 0.930704 0.908234 0.884548 0.986948 0.988636 
0.945212 0.918626 0.896793 0.968576 0.969264 0.930267 0.909996 0.889113 0.975192 
0.95281 0.949239 0.927671 0.902414 0.915445 0.89346 0.998866 0.991792 0.971764 
0.935863 0.927316 0.985525 0.960667 0.951663 0.904077 0.883075 0.998087 0.974802 
0.95162 0.938775 0.917671 0.897048 0.987571 0.966941 0.945807 0.929113 0.908416 
0.888108 0.871627 0.816877 0.776052 0.805522 0.790315 0.774227 0.85932 0.838656 
0.808516 0.878662 0.844016 0.824386 0.828224 0.808697 0.790864 0.772924 0.865179 
0.852733 0.841946 0.790597 0.772306 0.875137 0.861069 0.825336 0.809398 0.792713 
0.880137 0.845853 0.829424 0.813793 0.866618 0.850726 0.835111 0.872595 0.855463 
0.816633 0.796183 0.776113 0.771919 0.806143 0.788764 0.773854 0.863927 0.842835 
0.824169 0.810772 0.791702 0.775622 0.850625 0.830122 0.794457 0.816348 0.798344 
0.874175 0.838716 0.829206 0.803797 0.78308 0.780591 0.859654 0.850658 0.81629 
0.794329 0.774181 0.764905 0.826108 0.806329 0.782565 0.791891 0.772687 0.766311 
0.875935 0.863384 0.843364 0.867569 0.855178 0.835484 0.822143 0.879712 0.845688 
0.823635 0.816525 0.801086 0.857205 0.834298 0.811833 0.80281 0.783874 0.828262 
0.789385 0.775337 0.767239 0.869422 0.862114 0.847449 0.874983 0.853773 0.840557 
0.817337 0.809588 0.792913 0.867168 0.834599 0.795626 0.777241 0.757535 0.70996 
0.756422 0.739876 0.72504 0.739109 0.721639 0.754828 0.738664 0.754402 0.737812 
0.722951 0.70692 0.756137 0.738973 0.721331 0.694341 0.680494 0.678658 0.662599 
0.663661 0.75765 0.741147 0.724079 0.708373 0.694248 0.678051 0.665802 0.739562 
0.723755 0.708278 0.693052 0.679569 0.664712 0.755503 0.73966 0.726358 0.709796 
0.694384 0.677222 0.755505 0.741307 0.709299 0.710098 0.692694 0.678655 0.660401 
0.759405 0.725345 0.69478 0.679547 0.659749 0.72095 0.67302 0.664358 0.675936 
0.664285 0.694497 0.679639 0.687259 0.655112 0.716849 0.697493 0.704474 0.66862 
0.664202 0.677045 0.69247 0.669119 0.657436 0.659574 0.668355 0.659259 0.722887 
0.705806 0.661389 0.699247 0.691495 0.676158 0.709887 0.69531 0.679343 0.663687 
0.682413 0.669782 0.666596 0.685981 0.672874 0.661717 0.657473 0.732553 0.762251 
0.730026 0.732177 0.681843 0.69315 0.746989 0.745882 0.715042 0.711661 0.697489 
0.674335 0.760221 0.750853 0.720318 0.714597 0.696838 0.672836 0.66629 0.741155 
0.734681 0.703216 0.706515 0.6641 0.687615 0.658057 0.753655 0.715317 0.72396 
0.694176 0.688481 0.669193 0.747039 0.722355 0.70497 0.677905 0.679837 0.6612 
0.736583 0.689428 0.672466 0.747961 0.753317 0.742645 0.715289 0.76066 0.733413 
0.724822 0.76139 0.706969 0.616814 0.651171 0.637447 0.630415 0.651678 0.637586 
0.646324 0.64413 0.631635 0.593864 0.645488 0.620335 0.600976 0.575132 0.648312 
0.63236 0.606961 0.588645 0.638376 0.625149 0.62582 0.61461 0.604193 0.582402 
0.65055 0.65154 0.633948 0.611995 0.598094 0.581403 0.592104 0.59807 0.639936 
0.634845 0.612386 0.604317 0.618378 0.649595 0.620413 0.590576 0.637322 0.624802 
0.611624 0.635958 0.648524 0.63445 0.620848 0.608803 0.594898 0.580821 0.556843 
0.635494 0.646936 0.609518 0.599129 0.58756 0.575944 0.571487 0.563414 0.648395 
0.621557 0.625143 0.609607 0.596299 0.57934 0.561235 0.568548 0.651651 0.622521 
0.63883 0.608954 0.583001 0.58585 0.591322 0.653132 0.625815 0.614493 0.601992 
0.590214 0.574431 0.641107 0.612528 0.579868 0.568177 0.562641 0.598478 0.568118 
0.585076 0.652283 0.636495 0.622325 0.608611 0.64486 0.625271 0.616251 0.612477 
0.600093 0.595977 0.573859 0.646441 0.631955 0.607501 0.601171 0.590478 0.57097 
0.648576 0.631922 0.639067 0.586246 0.586782 0.578986 0.567899 0.562466 0.634114 
0.618959 0.620974 0.582521 0.595217 0.5897 0.577281 0.573812 0.622513 0.633972 
0.603705 0.598434 0.573608 0.567432 0.566683 0.556642 0.610601 0.561178 0.64581 
0.650364 0.634972 0.602926 0.607355 0.648236 0.633345 0.62157 0.596703 0.615783 
0.636899 0.654273 0.622206 0.609563 0.600156 0.580813 0.640015 0.625648 0.612509 
0.651466 0.643244 0.630037 0.616773 0.619158 0.589395 0.633616 0.603702 0.59371 
0.577553 0.587888 0.647767 0.605802 0.584856 0.650602 0.647501 0.652688 0.643747 
0.631222 0.624067 0.610458 0.644677 0.629239 0.637613 1.45173 1.46308 1.48708 
1.47136 1.46746 1.4571 1.44987 1.48134 1.47933 1.47411 1.47091 1.45893 
1.47056 1.46572 1.44912 1.4531 1.46073 1.45577 1.46606 1.45585 1.45047 
1.45168 1.46081 1.49151 1.4788 1.45468 1.49229 1.49798 1.48634 1.47051 
1.4736 1.4638 1.49834 1.48353 1.46608 1.4572 1.46051 1.44938 1.49313 
1.4748 1.45948 1.44917 1.49565 1.48638 1.47887 1.47016 1.46402 1.45504 
1.48875 1.48077 1.47241 1.45952 1.44662 1.49075 1.48304 1.46582 1.45602 
1.44681 1.47478 1.4855 1.47685 1.48716 1.46256 1.49146 1.47425 1.48397 
1.4928 1.47777 1.45666 1.46919 1.48378 1.47067 1.47017 1.47798 1.45383 
1.4926 1.48527 1.4902 1.47761 1.4608 1.46114 1.45219 1.49693 1.49163 
1.47738 1.46949 1.46145 1.4528 1.49801 1.4847 1.46837 1.45477 1.48431 
1.46201 1.46464 1.46582 1.45572 1.47063 1.45197 1.44864 1.45905 1.4546 
1.44967 1.48346 1.47425 1.46477 1.4595 1.45335 1.48502 1.47696 1.47143 
1.46852 1.47964 1.46254 1.45557 1.44622 1.44871 1.35326 1.3742 1.36448 
1.34969 1.36989 1.35379 1.35959 1.39874 1.38351 1.44276 1.433 1.43445 
1.42365 1.41503 1.40386 1.43246 1.42274 1.41143 1.41185 1.39131 1.43992 
1.42851 1.41826 1.40133 1.39819 1.38915 1.37715 1.41803 1.40503 1.39305 
1.37768 1.37561 1.36966 1.41475 1.40522 1.39355 1.37953 1.36631 1.36301 
1.35573 1.40191 1.3921 1.38176 1.35558 1.3522 1.38814 1.37859 1.36823 
1.34699 1.44611 1.43977 1.42821 1.44225 1.42246 1.43441 1.44386 1.43844 
1.43166 1.43956 1.43238 1.42445 1.42102 1.41105 1.41107 1.42684 1.44491 
1.42164 1.4124 1.44245 1.44523 1.44454 1.44217 1.4361 1.4085 1.39678 
1.44483 1.42906 1.40609 1.43884 1.41894 1.41885 1.44388 1.44385 1.43128 
1.42696 1.41435 1.43384 1.43829 1.42329 1.44574 1.42504 1.43581 1.43565 
1.36982 1.41244 1.3922 1.38139 1.36968 1.35536 1.35928 1.39861 1.38277 
1.39205 1.39376 1.38169 1.35752 1.43322 1.40507 1.40716 1.39689 1.37072 
1.37036 1.35199 1.42696 1.41719 1.4088 1.39964 1.38351 1.37467 1.36202 
1.43828 1.43004 1.41838 1.41111 1.39727 1.38788 1.38603 1.39799 1.44154 
1.42091 1.43262 1.4095 1.38534 1.42216 1.34799 1.3573 1.37271 1.3668 
1.36845 1.35354 1.37972 1.35565 1.24163 1.25796 1.34127 1.32617 1.30901 
1.33845 1.32809 1.31264 1.33385 1.26642 1.30602 1.29816 1.28276 1.33887 
1.34412 1.32797 1.32193 1.28936 1.29251 1.33322 1.32285 1.31128 1.29932 
1.26612 1.2752 1.26677 1.24786 1.31584 1.30598 1.29437 1.2818 1.2447 
1.24031 1.29956 1.27691 1.26595 1.24846 1.28356 1.28836 1.27071 1.25722 
1.23667 1.2536 1.31647 1.23696 1.33731 1.32084 1.32732 1.34465 1.3299 
1.34228 1.26136 1.27987 1.26704 1.24903 1.23696 1.28378 1.27294 1.2554 
1.24286 1.30881 1.29999 1.29103 1.28069 1.26206 1.25109 1.23906 1.31641 
1.30841 1.29837 1.28826 1.26892 1.25839 1.24514 1.33241 1.32573 1.316 
1.29723 1.27948 1.26957 1.34197 1.33753 1.3266 1.31001 1.31155 1.28754 
1.34198 1.32776 1.31973 1.30327 1.28969 1.34348 1.33875 1.3145 1.24857 
1.24023 1.16041 1.20101 1.14007 1.14251 1.22136 1.1851 1.16391 1.14967 
1.12305 1.22504 1.20602 1.20376 1.1857 1.16754 1.17984 1.13114 1.19025 
1.17135 1.15318 1.1331 1.15305 1.13518 1.11994 1.22581 1.22604 1.20806 
1.23107 1.21368 1.18988 1.17315 1.15404 1.21595 1.19692 1.19315 1.15773 
1.13481 1.22041 1.17803 1.13227 1.2298 1.2177 1.15222 1.13586 1.20582 
1.1869 1.1709 1.15376 1.13286 1.22428 1.2322 1.21234 1.19116 1.17606 
1.16478 1.21885 1.20306 1.19685 1.22445 1.12739 1.14879 1.13349 1.19119 
1.16952 1.15686 1.12891 1.21211 1.19987 1.17981 1.16702 1.14795 1.13269 
1.23061 1.21943 1.20864 1.18698 1.1757 1.15343 1.13574 1.19741 1.16648 
1.10788 1.08759 1.05215 1.10343 1.06634 1.03124 1.02546 1.00938 1.11669 
1.08348 1.06154 1.04629 1.00553 1.11304 1.0971 1.07642 1.04192 1.02193 
1.00218 1.11671 1.09809 1.08012 1.05867 1.04064 1.02283 1.09804 1.0792 
1.05858 1.02157 1.00147 1.07996 1.06069 1.02163 1.0392 1.00281 1.04012 
1.0947 1.1152 1.07379 1.11647 1.07536 1.08819 1.05029 1.01248 1.10865 
1.09209 1.07113 1.05101 1.03142 1.014 1.11256 1.0939 1.07363 1.05344 
1.03375 1.01539 1.11259 1.07332 1.05581 1.0352 1.01828 1.11557 1.09545 
1.07628 1.05685 1.02279 1.00031 1.1155 1.09548 1.07811 1.06011 1.03833 
1.02113 1.00268 1.0963 1.04063 0.992594 0.971563 0.950156 0.931998 0.912229 
0.890753 0.988332 0.967573 0.947007 0.928117 0.907333 0.888112 0.985424 0.964986 
0.944734 0.926453 0.923994 0.903521 0.98297 0.964764 0.950823 0.929187 0.90877 
0.888689 0.999614 0.978157 0.962247 0.941463 0.921162 0.899011 0.982193 0.94633 
0.906144 0.886352 0.967558 0.951335 0.894451 0.917972 0.896437 0.991707 0.974247 
0.956771 0.934635 0.992726 0.974852 0.956159 0.938718 0.909136 0.886057 0.995402 
0.974827 0.95663 0.939839 0.920272 0.90029 0.996927 0.978178 0.956221 0.923972 
0.91786 0.890961 0.983588 0.962319 0.937774 0.914784 0.902342 0.881283 0.965327 
0.94683 0.927477 0.906397 0.893338 0.985064 0.942399 0.884291 0.828026 0.796367 
0.862983 0.848418 0.835485 0.815806 0.810676 0.785915 0.768886 0.868368 0.856422 
0.846348 0.804481 0.793516 0.770468 0.880121 0.868139 0.825116 0.815351 0.876372 
0.855557 0.835604 0.865692 0.769524 0.78399 0.767049 0.819039 0.800882 0.786797 
0.769865 0.876455 0.838114 0.805139 0.808201 0.787308 0.771132 0.875904 0.856624 
0.840721 0.822944 0.78972 0.776347 0.862428 0.874585 0.850767 0.840276 0.817333 
0.799199 0.778648 0.774997 0.829804 0.811583 0.797245 0.779043 0.795023 0.777647 
0.78214 0.765798 0.865427 0.846038 0.878734 0.854689 0.831767 0.867058 0.846178 
0.827338 0.811277 0.793411 0.776283 0.872125 0.859823 0.836363 0.809984 0.81214 
0.775828 0.851134 0.831087 0.815985 0.795962 0.792083 0.663818 0.707888 0.696538 
0.679111 0.669196 0.722891 0.692854 0.680597 0.685474 0.675451 0.657623 0.698435 
0.690931 0.664727 0.736029 0.716165 0.71952 0.750116 0.734097 0.707434 0.702209 
0.691583 0.678331 0.663092 0.752146 0.735531 0.721422 0.706009 0.690726 0.677533 
0.662457 0.753263 0.736791 0.723009 0.705476 0.704671 0.753068 0.739269 0.735597 
0.721191 0.757489 0.719244 0.751951 0.664982 0.679593 0.665516 0.685243 0.667053 
0.656046 0.65748 0.757868 0.742225 0.759936 0.742348 0.761109 0.744986 0.727854 
0.726233 0.714203 0.760546 0.744322 0.728413 0.712725 0.708271 0.689554 0.697721 
0.762612 0.743703 0.729455 0.71468 0.701571 0.695809 0.679637 0.671868 0.748011 
0.730809 0.716068 0.699022 0.685579 0.670888 0.662786 0.729731 0.715712 0.700353 
0.684681 0.671168 0.657191 0.684219 0.684507 0.67092 0.656324 0.670281 0.657437 
0.698613 0.701072 0.759958 0.627085 0.654446 0.642257 0.637997 0.623846 0.612141 
0.637768 0.650395 0.649321 0.577185 0.557958 0.609156 0.593322 0.581781 0.569807 
0.563998 0.623412 0.600748 0.588344 0.593783 0.57483 0.560602 0.614204 0.606595 
0.599148 0.585606 0.573013 0.571183 0.62868 0.634243 0.620166 0.613231 0.606276 
0.593731 0.653373 0.649407 0.63976 0.626333 0.61839 0.605625 0.591753 0.582404 
0.581065 0.649364 0.633045 0.615072 0.602656 0.592531 0.641913 0.626772 0.610309 
0.562832 0.570736 0.560245 0.564838 0.557635 0.569854 0.561609 0.584568 0.578042 
0.570457 0.564841 0.559809 0.591782 0.581515 0.572837 0.604 0.556575 0.55686 
0.563448 0.55956 0.554076 0.568432 0.591356 0.575128 0.5635 0.556663 0.579604 
0.584264 0.559245 0.596824 0.583991 0.570645 0.555909 0.569492 0.562167 0.567071 
0.574257 0.567273 0.557297 0.555401 0.630444 0.617848 0.641487 0.648362 0.625359 
0.617276 0.604804 0.606459 0.594702 0.641256 0.633249 0.618907 0.610432 0.590592 
0.581917 0.634657 0.626372 0.611864 0.604652 0.597825 0.585734 0.577147 0.568872 
0.620328 0.606337 0.597776 0.590729 0.576924 0.566944 0.617385 0.602964 0.59352 
0.585228 0.573921 0.565372 0.556631 0.588155 0.580779 0.563213 0.55389 0.648083 
0.635194 0.644547 0.633972 0.643343 0.631795 0.621499 0.619528 0.553613 0.543237 
0.552832 0.533303 0.519879 0.528588 0.551336 0.551965 0.526623 0.512885 0.549816 
0.532529 0.518857 0.542408 0.545099 0.54345 0.533768 0.524847 0.54168 0.53886 
0.535026 0.530026 0.55195 0.541215 0.538479 0.547674 0.516545 0.527728 0.533565 
0.524635 0.508882 0.544706 0.538501 0.533208 0.518392 0.509868 0.503535 0.50128 
0.550788 0.542538 0.527287 0.523187 0.513864 0.51269 0.506813 0.545352 0.551572 
0.535948 0.535703 0.524295 0.512488 0.506376 0.540597 0.519469 0.526807 0.520263 
0.518843 0.505741 0.55126 0.513106 0.530054 0.546027 0.552965 0.54446 0.52894 
0.522439 0.541882 0.534743 0.520599 0.514269 0.506722 0.509097 0.541848 0.549832 
0.533149 0.518561 0.526421 0.511915 0.552855 0.537278 0.526096 0.501068 0.518097 
0.511093 0.504992 0.522154 0.543626 0.546832 0.534357 0.520401 0.512148 0.51382 
0.550348 0.531336 0.528437 0.506872 0.5048 0.500535 0.540626 0.546634 0.543714 
0.552451 0.542224 0.537129 0.548656 0.538051 0.532952 0.528167 0.524121 0.551281 
0.543654 0.533804 0.528187 0.547603 0.540923 0.5312 0.525152 0.519875 0.537889 
0.517029 0.54752 1.4681 1.48179 1.47155 1.48656 1.47732 1.47382 1.46518 
1.46255 1.4577 1.44733 1.47655 1.46904 1.46715 1.45778 1.45277 1.46189 
1.45328 1.46029 1.4503 1.44843 1.4551 1.45205 1.50654 1.49994 1.51676 
1.50994 1.50055 1.4941 1.51115 1.51331 1.50383 1.48262 1.50758 1.49459 
1.50162 1.49751 1.48768 1.48012 1.48304 1.49483 1.48753 1.475 1.50371 
1.50521 1.49871 1.49319 1.4906 1.49033 1.47852 1.49676 1.4887 1.48613 
1.47768 1.4635 1.46946 1.49388 1.48042 1.47397 1.51425 1.52719 1.52574 
1.51185 1.5187 1.5147 1.5038 1.51926 1.5042 1.52187 1.5135 1.50929 
1.52553 1.52304 1.51799 1.51699 1.50959 1.50565 1.4994 1.52298 1.52347 
1.51962 1.5152 1.50817 1.51833 1.50571 1.49969 1.51039 1.50447 1.50235 
1.51507 1.49796 1.4928 1.51118 1.5197 1.50849 1.5014 1.51881 1.50396 
1.49406 1.5219 1.51724 1.51207 1.51775 1.51297 1.52454 1.51367 1.51702 
1.50289 1.50799 1.49798 1.49915 1.52626 1.51934 1.51524 1.51347 1.50633 
1.50395 1.52411 1.52212 1.52011 1.52141 1.50965 1.50246 1.51827 1.51212 
1.50811 1.52575 1.52245 1.50919 1.52746 1.46672 1.49525 1.48347 1.47556 
1.49814 1.49067 1.48753 1.48025 1.47947 1.47053 1.50115 1.49459 1.48466 
1.48818 1.48407 1.4748 1.50538 1.49983 1.49242 1.4923 1.48813 1.48022 
1.51094 1.51432 1.50654 1.50381 1.50215 1.49972 1.49675 1.51347 1.50948 
1.49526 1.50677 1.4911 1.49777 1.44777 1.45152 1.45709 1.45197 1.46117 
1.46908 1.46014 1.45067 1.44715 1.48394 1.46941 1.46104 1.45845 1.45412 
1.47725 1.47206 1.46817 1.4635 1.48656 1.47686 1.45941 1.45744 1.47637 
1.40046 1.42354 1.42329 1.412 1.41036 1.38992 1.39022 1.38653 1.41288 
1.40184 1.39861 1.37668 1.37796 1.40226 1.38817 1.38084 1.36698 1.36092 
1.36447 1.39144 1.39147 1.37902 1.3718 1.35289 1.35012 1.37772 1.36789 
1.3622 1.3557 1.36279 1.35364 1.34704 1.43757 1.43388 1.42658 1.44189 
1.43929 1.44467 1.43873 1.42307 1.44371 1.43166 1.42927 1.41115 1.41762 
1.41046 1.43419 1.43344 1.42206 1.42223 1.40337 1.39813 1.4317 1.40467 
1.43774 1.42903 1.43379 1.41912 1.4225 1.41141 1.44164 1.44321 1.433 
1.42911 1.41726 1.42285 1.44238 1.44048 1.436 1.42455 1.44497 1.34937 
1.36006 1.36564 1.35802 1.34867 1.37486 1.38157 1.37207 1.36175 1.34655 
1.38938 1.39558 1.38621 1.37546 1.36666 1.35349 1.40353 1.40734 1.39975 
1.38872 1.38216 1.36323 1.41643 1.41918 1.41363 1.39863 1.39169 1.37788 
1.42732 1.41143 1.40551 1.39958 1.38694 1.25639 1.31577 1.30236 1.28985 
1.28462 1.27168 1.24098 1.29805 1.28542 1.27278 1.25631 1.25768 1.2824 
1.26789 1.27001 1.24118 1.25609 1.25261 1.23867 1.2397 1.2496 1.34074 
1.34154 1.34466 1.33195 1.3245 1.32628 1.31118 1.33849 1.32675 1.31614 
1.30599 1.29404 1.33174 1.32126 1.30796 1.30052 1.28788 1.27491 1.32684 
1.30677 1.33464 1.31994 1.30588 1.29408 1.28012 1.34419 1.33893 1.3218 
1.31941 1.30952 1.29498 1.33465 1.32718 1.33919 1.32465 1.26495 1.25034 
1.24754 1.27956 1.26451 1.2504 1.24281 1.30432 1.27019 1.28943 1.25957 
1.24331 1.24447 1.28502 1.27573 1.26111 1.31128 1.29541 1.32188 1.30359 
1.29094 1.27723 1.2633 1.22337 1.22392 1.20624 1.20836 1.22318 1.2024 
1.18517 1.2347 1.22014 1.20398 1.19032 1.17716 1.16433 1.14107 1.23259 
1.21631 1.19954 1.18436 1.17174 1.15627 1.13707 1.1201 1.20921 1.19484 
1.17915 1.16477 1.15111 1.12971 1.18665 1.17223 1.15709 1.14502 1.12528 
1.14948 1.13613 1.12777 1.12553 1.14512 1.13117 1.12074 1.18174 1.16623 
1.14048 1.12386 1.19468 1.17467 1.15273 1.15989 1.12466 1.21664 1.21273 
1.1961 1.17916 1.16293 1.14361 1.12589 1.23216 1.22982 1.21416 1.19735 
1.18412 1.17417 1.14799 1.14286 1.23051 1.21008 1.2271 1.21217 1.19423 
1.1618 1.22533 1.20198 1.18112 1.10027 1.11847 1.10019 1.08123 1.06112 
1.0168 1.1075 1.08293 1.06236 1.04239 1.0226 1.00192 1.11581 1.10332 
1.08878 1.06849 1.04238 1.02732 1.00708 1.1059 1.09371 1.07909 1.05785 
1.04804 1.01426 1.08292 1.06841 1.03287 1.03585 1.02218 1.00622 1.0578 
1.04479 1.0151 1.03373 1.02274 1.09934 1.07674 1.05496 1.04548 1.01193 
1.00129 1.11042 1.08944 1.06761 1.05753 1.03609 1.02309 1.10075 1.07872 
1.06901 1.02889 1.01542 1.10629 1.0882 1.08641 1.04936 1.04093 1.00688 
1.10643 1.10667 1.08648 1.06545 1.05049 1.01663 1.00495 1.06937 1.02884 
0.924175 0.989511 0.956288 0.935657 0.900275 0.894231 0.978468 0.987215 0.942861 
0.915787 0.904641 0.882314 0.96943 0.965907 0.948048 0.926398 0.912201 0.890575 
0.992074 0.976462 0.953127 0.932815 0.918797 0.896271 0.883543 0.999732 0.961856 
0.940544 0.925504 0.904849 0.983446 0.968679 0.944354 0.99336 0.989974 0.952469 
0.930995 0.967004 0.959462 0.944167 0.922183 0.910648 0.994496 0.980216 0.937799 
0.912614 0.901532 0.891394 0.982708 0.972888 0.950042 0.938761 0.925701 0.902229 
0.993972 0.972625 0.959462 0.930582 0.918157 0.881979 0.885461 0.976866 0.954063 
0.938808 0.905845 0.896366 0.918339 0.897589 0.883688 0.774951 0.802661 0.782727 
0.823672 0.811108 0.791093 0.773834 0.770376 0.844378 0.833717 0.822588 0.803976 
0.788614 0.784819 0.765391 0.876731 0.855773 0.841922 0.825669 0.804648 0.800082 
0.782025 0.777436 0.862551 0.847805 0.836994 0.818144 0.815463 0.79698 0.868968 
0.856205 0.838203 0.830018 0.87575 0.862298 0.849843 0.868899 0.879538 0.872115 
0.864257 0.855135 0.834701 0.86545 0.863941 0.848042 0.838561 0.816855 0.781329 
0.846046 0.84232 0.829714 0.811339 0.796554 0.800051 0.875576 0.863734 0.828038 
0.810028 0.816187 0.795619 0.778866 0.849478 0.827898 0.794129 0.792267 0.777233 
0.828633 0.810745 0.792794 0.775871 0.774321 0.723284 0.748872 0.720329 0.703057 
0.695531 0.68496 0.756388 0.741857 0.739012 0.71622 0.714694 0.700276 0.762405 
0.754297 0.73537 0.730461 0.729908 0.711798 0.750103 0.74765 0.763218 0.744651 
0.662835 0.675862 0.677526 0.664859 0.661568 0.691535 0.69183 0.677443 0.684554 
0.667492 0.65938 0.708937 0.707049 0.692363 0.675623 0.668856 0.728791 0.694981 
0.680735 0.727436 0.711115 0.704081 0.683147 0.660704 0.692463 0.682086 0.667654 
0.672035 0.665695 0.673895 0.663998 0.657402 0.657506 0.655362 0.763745 0.763193 
0.757432 0.759972 0.744711 0.723722 0.759663 0.727892 0.726603 0.711169 0.733006 
0.758764 0.742478 0.745945 0.716981 0.714865 0.74191 0.724288 0.745527 0.736587 
0.697627 0.679435 0.705045 0.687281 0.698352 0.607674 0.597727 0.585423 0.579842 
0.575091 0.623152 0.622098 0.609633 0.597402 0.601362 0.600406 0.635086 0.621831 
0.611 0.612282 0.590878 0.587859 0.596522 0.648602 0.634509 0.635829 0.623194 
0.624614 0.626395 0.637128 0.610804 0.64827 0.650362 0.637958 0.651279 0.644362 
0.633737 0.650873 0.570419 0.560705 0.562898 0.555978 0.576517 0.567714 0.559935 
0.55455 0.587692 0.579503 0.572922 0.565138 0.554981 0.599966 0.592139 0.585814 
0.576549 0.571664 0.560586 0.568199 0.581987 0.596443 0.587065 0.577173 0.575296 
0.567845 0.574887 0.566287 0.56969 0.562664 0.556741 0.584554 0.573156 0.563963 
0.556135 0.558426 0.56111 0.557744 0.64261 0.651969 0.630047 0.648703 0.64762 
0.613648 0.643432 0.623399 0.641618 0.632145 0.63754 0.62595 0.619151 0.606608 
0.640987 0.618099 0.589637 0.632357 0.608351 0.594178 0.626324 0.612398 0.604078 
0.594579 0.600349 0.593839 0.608544 0.599069 0.588053 0.580142 0.583905 0.572558 
0.60785 0.51469 0.549832 0.526156 0.517671 0.540982 0.542413 0.533935 0.538046 
0.528737 0.521968 0.520963 0.55027 0.552244 0.534835 0.544746 0.528801 0.529281 
0.548202 0.544937 0.536133 0.540862 0.55061 0.506471 0.497254 0.491424 0.485453 
0.523088 0.511361 0.503409 0.497782 0.491062 0.489197 0.487924 0.5166 0.509362 
0.502678 0.499226 0.495406 0.493114 0.514742 0.507135 0.50223 0.506056 0.496449 
0.501823 0.522207 0.517107 0.509557 0.511341 0.503866 0.533574 0.52532 0.514105 
0.518615 0.508745 0.53194 0.523724 0.497084 0.48693 0.47628 0.472542 0.490735 
0.485136 0.480429 0.481791 0.476883 0.49409 0.489384 0.484592 0.480253 0.473568 
0.499872 0.494795 0.488944 0.484166 0.479973 0.476843 0.475871 0.499486 0.493935 
0.488468 0.484134 0.480049 0.477648 0.505812 0.50013 0.494254 0.489012 0.486098 
0.4819 0.500363 0.49503 0.481438 0.498 0.493426 0.495481 0.488349 0.482952 
0.47845 0.497948 0.502116 0.499817 0.491618 0.485977 0.479161 0.475186 0.488082 
0.483868 0.489515 0.495033 0.492238 0.480731 0.486128 0.480914 0.476676 0.497931 
0.484121 0.482962 0.472891 0.476393 0.492637 0.489474 0.474292 0.478444 0.538269 
0.523557 0.517344 0.51245 0.533453 0.529368 0.522656 0.516177 0.508843 0.50804 
0.519749 0.522932 0.508049 0.496115 0.502125 0.509575 0.50315 0.515048 0.51493 
0.501499 0.491816 0.497143 0.51574 0.511719 0.504392 0.497141 0.502802 0.504773 
0.500629 0.49413 0.495916 0.485931 0.48516 0.512103 0.507762 0.491091 0.490766 
0.487494 0.545682 0.550922 0.553425 0.546159 0.548124 0.538771 0.54075 0.549173 
0.543034 0.536408 0.530074 0.531895 0.534032 0.547208 0.53968 0.532715 0.526589 
0.521392 0.523212 0.531272 0.515494 1.46497 1.49719 1.49077 1.49703 1.49335 
1.49365 1.48433 1.49142 1.49244 1.48884 1.48979 1.48609 1.47995 1.48515 
1.48562 1.48239 1.47773 1.4709 1.47175 1.48007 1.47183 1.47736 1.46897 
1.46246 1.46293 1.45239 1.47419 1.46015 1.46198 1.45454 1.46832 1.45907 
1.45302 1.45215 1.44946 1.52219 1.52734 1.52187 1.52559 1.52497 1.52348 
1.51761 1.51967 1.50958 1.51265 1.5149 1.52577 1.51807 1.52065 1.51887 
1.51482 1.5142 1.51321 1.51593 1.51325 1.50954 1.50702 1.50928 1.5105 
1.50414 1.50657 1.50388 1.50065 1.5037 1.50743 1.5006 1.50014 1.49765 
1.53493 1.53698 1.53656 1.53654 1.53552 1.53575 1.52886 1.53629 1.53309 
1.52872 1.53064 1.53416 1.53389 1.53152 1.52674 1.53533 1.53299 1.53257 
1.53207 1.52961 1.53377 1.53198 1.53044 1.52948 1.52686 1.52308 1.53154 
1.52878 1.5276 1.52392 1.52153 1.52569 1.52889 1.53434 1.53035 1.52849 
1.5293 1.52647 1.53038 1.53123 1.52971 1.52281 1.53299 1.53353 1.53174 
1.52669 1.53195 1.52579 1.53608 1.53487 1.52907 1.53516 1.53403 1.53637 
1.52835 1.53678 1.53569 1.53408 1.53135 1.53339 1.53549 1.5299 1.52977 
1.53222 1.53379 1.53164 1.50583 1.50451 1.503 1.50827 1.50449 1.51086 
1.51079 1.50843 1.51 1.50052 1.50221 1.51468 1.51638 1.51313 1.51436 
1.51402 1.50838 1.51943 1.52111 1.51786 1.51851 1.52358 1.52517 1.52282 
1.52355 1.51949 1.51574 1.52722 1.52216 1.51949 1.49809 1.5261 1.45468 
1.45038 1.45145 1.46396 1.45312 1.46119 1.45878 1.4551 1.47213 1.46282 
1.4707 1.46781 1.46266 1.46518 1.48019 1.47873 1.48486 1.47641 1.47415 
1.46851 1.48743 1.48644 1.49099 1.48321 1.47275 1.48483 1.49387 1.49283 
1.48819 1.48026 1.49112 1.47734 1.50016 1.49971 1.49787 1.49619 1.49308 
1.4452 1.44552 1.42936 1.43258 1.436 1.43646 1.4409 1.44114 1.41891 
1.43298 1.42422 1.4263 1.43015 1.42062 1.42226 1.41209 1.40773 1.41627 
1.41594 1.40936 1.41116 1.39921 1.40445 1.40151 1.39686 1.40434 1.38498 
1.39494 1.3914 1.38661 1.38154 1.39098 1.37839 1.38217 1.37724 1.37164 
1.36599 1.37002 1.35827 1.36858 1.36313 1.35881 1.35132 1.35571 1.35348 
1.34847 1.35157 1.44387 1.44312 1.4403 1.4449 1.35664 1.35441 1.35055 
1.35602 1.34755 1.35355 1.37051 1.36772 1.36506 1.36997 1.36299 1.36852 
1.38138 1.37964 1.37786 1.38431 1.37707 1.3938 1.393 1.39074 1.39814 
1.39094 1.38333 1.40482 1.40173 1.41003 1.40399 1.39727 1.41625 1.41343 
1.41106 1.42164 1.41746 1.41048 1.42566 1.42425 1.43233 1.42967 1.42314 
1.43758 1.43515 1.44309 1.43933 1.43359 1.44549 1.34331 1.33816 1.32356 
1.33525 1.32721 1.32593 1.31085 1.32855 1.3131 1.31886 1.3118 1.3149 
1.29753 1.31609 1.30727 1.29113 1.29905 1.28233 1.28378 1.29844 1.29472 
1.27756 1.2761 1.29797 1.26684 1.26661 1.28202 1.2656 1.25984 1.26597 
1.24995 1.25023 1.25352 1.24729 1.24131 1.25252 1.34267 1.33438 1.34093 
1.34126 1.33782 1.23876 1.24681 1.23624 1.25635 1.26507 1.25358 1.26828 
1.26674 1.25064 1.27382 1.28241 1.27373 1.25175 1.26693 1.29222 1.30019 
1.29391 1.28377 1.28133 1.28527 1.28818 1.29813 1.31086 1.32396 1.31064 
1.30018 1.32845 1.32509 1.33388 1.31678 1.30821 1.31468 1.34154 1.33996 
1.32562 1.3313 1.23358 1.23504 1.23435 1.22841 1.22203 1.21803 1.22005 
1.20829 1.20067 1.21486 1.1982 1.20204 1.21513 1.19664 1.18956 1.17911 
1.17845 1.18439 1.16591 1.15998 1.16339 1.14726 1.17675 1.17059 1.15456 
1.18257 1.16224 1.15484 1.13454 1.13993 1.14311 1.12907 1.1424 1.13381 
1.12152 1.12285 1.13346 1.15394 1.15107 1.13306 1.13409 1.12424 1.17111 
1.16938 1.15101 1.1543 1.13944 1.14429 1.18792 1.18523 1.16855 1.18043 
1.16164 1.16359 1.1924 1.20691 1.20177 1.20259 1.19908 1.18218 1.22013 
1.2262 1.21924 1.21746 1.21543 1.19904 1.23463 1.23442 1.23409 1.11075 
1.11914 1.09815 1.09082 1.07106 1.05097 1.11516 1.10396 1.08338 1.07287 
1.04859 1.03207 1.01174 1.0848 1.1031 1.09431 1.09757 1.06286 1.04319 
1.02748 1.07989 1.07706 1.05751 1.02393 1.0058 1.06505 1.06056 1.03827 
1.01637 1.00197 1.02136 1.04517 1.02726 1.00493 1 1.01759 1.02199 
1.03743 1.03809 1.01908 0.999995 1.05383 1.05723 1.03756 1.00167 1.05683 
1.01978 1.00134 1.09458 1.07603 1.07501 1.07622 1.05908 1.03963 1.09331 
1.0944 1.09574 1.07897 1.05822 1.04346 1.02237 1.00097 1.11142 1.11236 
1.11527 1.11782 1.10081 1.08713 1.06539 1.10858 0.89191 0.915716 0.90074 
0.881519 0.921323 0.905892 0.889764 0.888755 0.886088 0.976133 0.955215 0.934897 
0.990529 0.966973 0.944133 0.926164 0.908452 0.908639 0.887516 0.985247 0.963917 
0.944089 0.929457 0.92644 0.907414 0.980825 0.958083 0.946976 0.926753 0.997254 
0.972829 0.96402 0.945972 0.984094 0.999697 0.979519 0.981483 0.960499 0.960753 
0.980941 0.962672 0.961053 0.942287 0.937948 0.9801 0.950928 0.941825 0.926273 
0.923015 0.913365 0.94209 0.928557 0.918972 0.904946 0.901322 0.890612 0.984154 
0.963494 0.885577 0.975675 0.918913 0.907499 0.890962 0.887974 0.894912 0.792052 
0.772019 0.770789 0.765424 0.811428 0.806495 0.787627 0.788483 0.781232 0.779941 
0.777151 0.826067 0.825409 0.810899 0.799364 0.799188 0.797999 0.850448 0.841485 
0.831797 0.816128 0.816815 0.878219 0.861316 0.848702 0.851557 0.833073 0.837964 
0.869526 0.869299 0.851947 0.867139 0.878645 0.869407 0.869469 0.867698 0.865912 
0.852996 0.872695 0.849833 0.848754 0.83305 0.854528 0.851768 0.833311 0.832828 
0.815408 0.81615 0.832387 0.834463 0.801108 0.81646 0.798077 0.797788 0.799167 
0.817275 0.798352 0.780675 0.781129 0.783884 0.783732 0.78176 0.778812 0.764906 
0.816717 0.767168 0.693199 0.676068 0.666942 0.667724 0.658166 0.705215 0.685119 
0.676111 0.684914 0.673691 0.666343 0.706869 0.691291 0.703215 0.701068 0.681975 
0.725978 0.721562 0.72104 0.716811 0.712741 0.689392 0.698279 0.739153 0.737159 
0.733509 0.730769 0.712365 0.758301 0.753839 0.751667 0.747422 0.746331 0.729452 
0.763305 0.761977 0.659205 0.660065 0.671043 0.663706 0.763916 0.760636 0.750833 
0.760837 0.74744 0.7403 0.746916 0.751922 0.734277 0.712456 0.730245 0.727589 
0.734151 0.741094 0.722941 0.719533 0.707813 0.715963 0.716258 0.706582 0.695311 
0.701113 0.689473 0.693812 0.704917 0.693024 0.680078 0.684121 0.670552 0.676743 
0.688347 0.678256 0.664594 0.666757 0.661371 0.655621 0.562778 0.562405 0.560675 
0.561195 0.571529 0.565829 0.555166 0.573841 0.584836 0.572709 0.56992 0.582806 
0.575357 0.576548 0.584294 0.591856 0.581512 0.594093 0.58824 0.606772 0.597396 
0.604084 0.594501 0.615481 0.601729 0.619633 0.612493 0.613346 0.605805 0.609933 
0.627825 0.620438 0.622787 0.627111 0.619497 0.642599 0.636032 0.64317 0.636075 
0.62923 0.636433 0.65123 0.651637 0.643363 0.650951 0.563595 0.561842 0.554467 
0.558482 0.556392 0.652426 0.650357 0.650558 0.638375 0.647461 0.653515 0.638548 
0.637315 0.625822 0.636058 0.634326 0.6263 0.625151 0.624091 0.61385 0.6217 
0.616295 0.612277 0.610681 0.611112 0.60798 0.598401 0.602702 0.600036 0.596995 
0.590749 0.601963 0.585445 0.590456 0.588645 0.581557 0.581268 0.593967 0.57977 
0.57844 0.577562 0.569561 0.569968 0.573164 0.567049 0.567265 0.561492 0.560326 
0.500369 0.499961 0.513481 0.506837 0.513032 0.503736 0.506685 0.520952 0.511998 
0.505841 0.51275 0.506755 0.527673 0.520104 0.518767 0.511852 0.519214 0.513893 
0.535076 0.526745 0.526598 0.527398 0.519421 0.544562 0.535698 0.534918 0.535413 
0.535851 0.528465 0.544163 0.543515 0.552549 0.537746 0.553075 0.552289 0.551843 
0.54362 0.544742 0.478545 0.483768 0.479003 0.474866 0.483772 0.482152 0.478936 
0.475953 0.473483 0.474627 0.490564 0.486659 0.480912 0.480666 0.478497 0.476968 
0.491876 0.484007 0.486479 0.484881 0.489089 0.48359 0.507369 0.495643 0.495117 
0.49238 0.489994 0.499419 0.501003 0.489326 0.496122 0.498837 0.494708 0.464203 
0.464821 0.470554 0.463001 0.463412 0.468815 0.466557 0.465908 0.46348 0.472267 
0.469958 0.467871 0.463638 0.464423 0.468001 0.470277 0.467476 0.465793 0.465514 
0.465493 0.473923 0.472887 0.469428 0.467562 0.467375 0.466297 0.48016 0.475994 
0.472528 0.469655 0.472129 0.468562 0.475106 0.471808 0.4703 0.470214 0.474629 
0.474651 0.475467 0.469041 0.466665 0.470291 0.472331 0.471966 0.469709 0.470749 
0.473142 0.471306 0.467613 0.465527 0.477145 0.465643 0.466148 0.464857 0.472439 
0.469595 0.467249 0.463348 0.464252 0.469903 0.468294 0.46718 0.468229 0.463678 
0.470828 0.467676 0.465671 0.464212 0.504254 0.499324 0.499332 0.497798 0.497979 
0.494736 0.497455 0.49217 0.493121 0.487153 0.490465 0.493614 0.491904 0.483199 
0.484903 0.480583 0.488304 0.5032 0.482711 0.486992 0.48242 0.475296 0.480436 
0.476779 0.486814 0.482274 0.478447 0.474077 0.47851 0.478353 0.479513 0.473243 
0.48854 0.550428 0.553606 0.551212 0.550881 0.543876 0.548684 0.543713 0.530908 
0.541293 0.539926 0.539091 0.529951 0.534086 0.525184 0.533908 0.54288 0.521291 
0.519288 0.525102 0.534538 0.525434 0.527925 0.518946 0.513824 0.516368 0.517225 
0.525044 0.51703 0.511524 0.508812 0.511644 0.506587 0.509694 0.501397 0.5044 
0.506339 1.48716 1.49494 1.49515 1.4939 1.49884 1.48934 1.48173 1.48839 
1.4914 1.49866 1.48101 1.47391 1.48094 1.48814 1.47963 1.48517 1.48431 
1.47258 1.47375 1.4772 1.47824 1.47007 1.463 1.4661 1.47043 1.46139 
1.46908 1.46185 1.45189 1.45697 1.46161 1.44953 1.45299 1.45414 1.45296 
1.52335 1.52322 1.52514 1.52448 1.51745 1.52295 1.51915 1.51678 1.52013 
1.52743 1.51437 1.51554 1.51206 1.5211 1.52046 1.51897 1.50832 1.5105 
1.51132 1.51546 1.51657 1.50378 1.5054 1.50658 1.51157 1.50671 1.50987 
1.49972 1.49977 1.50114 1.50096 1.50585 1.50432 1.49396 1.52986 1.53406 
1.53526 1.52917 1.53352 1.53196 1.53456 1.53596 1.53646 1.52842 1.5313 
1.53259 1.53335 1.53506 1.53683 1.52796 1.52677 1.53008 1.53081 1.53474 
1.53608 1.52453 1.5287 1.53124 1.53341 1.53105 1.53273 1.52567 1.52867 
1.53032 1.52629 1.528 1.52185 1.52269 1.52481 1.52712 1.52893 1.52319 
1.52655 1.52761 1.53013 1.52977 1.53169 1.52657 1.53177 1.53267 1.53226 
1.53389 1.52923 1.52992 1.53495 1.53417 1.5292 1.53199 1.53355 1.53372 
1.5354 1.53552 1.52805 1.52977 1.5309 1.53626 1.53643 1.53695 1.53517 
1.5322 1.49485 1.50199 1.49996 1.50641 1.50649 1.50501 1.50239 1.50579 
1.50674 1.50089 1.51056 1.50877 1.52109 1.51207 1.50993 1.51188 1.51553 
1.51379 1.51565 1.52104 1.51549 1.51759 1.52021 1.51858 1.52282 1.51826 
1.52026 1.52349 1.52636 1.52547 1.51682 1.52423 1.44713 1.45311 1.44812 
1.44824 1.45632 1.44889 1.45818 1.44848 1.45776 1.46515 1.45775 1.45881 
1.46226 1.46883 1.46612 1.47285 1.46657 1.47495 1.47976 1.4743 1.4737 
1.48156 1.47388 1.48144 1.48696 1.48235 1.48877 1.47065 1.48825 1.48569 
1.49026 1.47814 1.494 1.49292 1.49855 1.49591 1.49464 1.43756 1.44299 
1.44489 1.43431 1.42712 1.43364 1.44223 1.4347 1.42235 1.41565 1.42606 
1.42261 1.43121 1.42416 1.41029 1.41353 1.40965 1.41682 1.41352 1.39972 
1.40505 1.40014 1.39414 1.40428 1.40079 1.38647 1.39302 1.38611 1.39164 
1.38711 1.36729 1.38081 1.37352 1.38186 1.37787 1.37271 1.35743 1.37155 
1.35619 1.36883 1.36296 1.35181 1.35892 1.35503 1.34666 1.44166 1.44613 
1.4381 1.44332 1.34546 1.34633 1.35888 1.3583 1.35108 1.3574 1.35847 
1.37111 1.37124 1.3718 1.37016 1.38356 1.38297 1.39486 1.38269 1.36676 
1.38055 1.38545 1.39501 1.39592 1.40702 1.38686 1.40732 1.39372 1.40248 
1.40698 1.41781 1.40698 1.40108 1.41383 1.41469 1.41833 1.41843 1.42681 
1.426 1.4213 1.42693 1.42985 1.42886 1.43787 1.43312 1.43819 1.43876 
1.32618 1.33005 1.32955 1.34237 1.33174 1.30851 1.31426 1.31651 1.31548 
1.33124 1.31778 1.29113 1.29738 1.29974 1.29846 1.30249 1.30366 1.27879 
1.28376 1.28341 1.28501 1.28719 1.25891 1.26586 1.26795 1.26767 1.27153 
1.27124 1.24615 1.25204 1.25021 1.25092 1.25766 1.24074 1.33555 1.34216 
1.344 1.34445 1.33442 1.34265 1.24529 1.23803 1.24078 1.23982 1.24479 
1.256 1.26434 1.25597 1.26274 1.27492 1.26835 1.27109 1.25405 1.28643 
1.27275 1.28308 1.29266 1.28435 1.28741 1.30175 1.28962 1.30181 1.31098 
1.30188 1.30417 1.31585 1.3151 1.31783 1.32999 1.31753 1.32718 1.33091 
1.3317 1.33198 1.34488 1.22584 1.20449 1.21058 1.23371 1.23399 1.23429 
1.2279 1.19021 1.21875 1.20789 1.21633 1.20846 1.22279 1.17066 1.17814 
1.19935 1.1974 1.18878 1.14906 1.15675 1.18664 1.1783 1.1723 1.20089 
1.12534 1.1364 1.14686 1.16694 1.16422 1.12611 1.15793 1.14265 1.1506 
1.13448 1.12279 1.12787 1.1247 1.12271 1.13173 1.13975 1.13706 1.12064 
1.13286 1.14429 1.15884 1.1543 1.17317 1.14212 1.15229 1.16535 1.15366 
1.17318 1.17546 1.19184 1.16452 1.17093 1.18634 1.1872 1.19171 1.20786 
1.18777 1.20659 1.2047 1.20919 1.21008 1.22656 1.2045 1.22328 1.22205 
1.2267 1.23052 1.08252 1.10324 1.11607 1.06143 1.06996 1.09464 1.1045 
1.10678 1.00794 1.04679 1.0594 1.08125 1.09186 1.11058 1.10727 1.02912 
1.02252 1.03846 1.07216 1.09211 1.08841 1.06755 1.05271 1.06929 1.04937 
1.01569 1.03317 1.01302 1.02459 1.04893 1.03347 1.01194 1 1.02341 
1.03967 1.04704 1.01727 1.03235 1.05311 1.0624 1.07185 1.00555 1.01634 
1.04023 1.06447 1.07359 1.08411 1.01415 1.02781 1.05033 1.07305 1.0854 
1.0944 1.10415 1.11627 1.03515 1.05596 1.09151 1.09982 1.10807 1.11767 
1.07665 1.09858 1.11232 0.880688 0.89395 0.897574 0.902435 0.889888 0.932344 
0.951293 0.885436 0.886164 0.91761 0.917184 0.912411 0.951849 0.970776 0.987971 
0.954705 0.973299 0.996974 0.906081 0.902379 0.935973 0.931532 0.921404 0.939099 
0.955942 0.975323 0.995273 0.943428 0.959261 0.978134 0.967973 0.980054 0.998995 
0.991392 0.980349 0.960329 0.977693 0.997787 0.944125 0.940184 0.956728 0.976862 
0.995854 0.923993 0.91819 0.934243 0.961763 0.982706 0.904062 0.905231 0.918782 
0.940261 0.945741 0.967477 0.992038 0.883979 0.896364 0.883 0.897617 0.924531 
0.925698 0.954038 0.97671 0.88542 0.905681 0.915248 0.895744 0.767275 0.773454 
0.769623 0.78509 0.774637 0.778052 0.795305 0.788629 0.801883 0.792448 0.787252 
0.797176 0.808168 0.827696 0.819597 0.811176 0.825742 0.808193 0.814112 0.823803 
0.844117 0.838384 0.83026 0.82904 0.836562 0.859427 0.865538 0.851541 0.850603 
0.845974 0.850388 0.874001 0.868277 0.865678 0.8725 0.872427 0.862036 0.874284 
0.863218 0.874824 0.849299 0.830742 0.848144 0.84065 0.851739 0.864495 0.810933 
0.828568 0.832314 0.842512 0.854177 0.811046 0.814233 0.814182 0.820997 0.831865 
0.771016 0.792531 0.793758 0.796997 0.801269 0.806385 0.775449 0.779088 0.782815 
0.787336 0.768046 0.769455 0.661454 0.667719 0.669758 0.673947 0.674306 0.678656 
0.683061 0.685601 0.689223 0.688395 0.676887 0.692996 0.69654 0.698176 0.701483 
0.703741 0.708855 0.712388 0.714235 0.717869 0.718966 0.725666 0.725721 0.728163 
0.732482 0.733993 0.741809 0.745068 0.743828 0.752248 0.751158 0.744581 0.758204 
0.763315 0.760754 0.655737 0.655963 0.660385 0.659204 0.661434 0.654811 0.757653 
0.73929 0.760866 0.746423 0.764412 0.719109 0.726975 0.74348 0.730037 0.748312 
0.751544 0.702527 0.710261 0.727996 0.714609 0.734074 0.735507 0.693824 0.699329 
0.71408 0.700074 0.720919 0.68673 0.660648 0.681474 0.683239 0.692584 0.704688 
0.671456 0.677507 0.668637 0.674782 0.68815 0.664085 0.671479 0.556023 0.560153 
0.566401 0.564074 0.575562 0.567977 0.567048 0.563501 0.575511 0.575435 0.590755 
0.579811 0.571657 0.588438 0.585724 0.585059 0.58752 0.594424 0.583081 0.597073 
0.597224 0.598942 0.605948 0.595736 0.605756 0.608297 0.610504 0.612012 0.620845 
0.615266 0.619579 0.621265 0.624741 0.637253 0.628835 0.634712 0.646313 0.643063 
0.628982 0.645551 0.653513 0.642092 0.652688 0.634631 0.556367 0.556896 0.556405 
0.55473 0.5635 0.553897 0.641359 0.653523 0.633911 0.648619 0.638787 0.6429 
0.646999 0.625205 0.61838 0.624331 0.62766 0.633316 0.637124 0.611526 0.61014 
0.61407 0.619008 0.622034 0.601377 0.593335 0.602201 0.601441 0.609733 0.610875 
0.577192 0.58839 0.580226 0.590661 0.587685 0.598077 0.595959 0.565575 0.568882 
0.570199 0.579016 0.576202 0.586401 0.584035 0.557795 0.559289 0.566228 0.565555 
0.574382 0.50359 0.502691 0.504941 0.508357 0.506362 0.510413 0.507278 0.522812 
0.51235 0.515853 0.517885 0.514534 0.510354 0.525314 0.52087 0.521831 0.526473 
0.519774 0.517525 0.528694 0.530653 0.530143 0.53244 0.529221 0.534139 0.54541 
0.538171 0.536812 0.541776 0.537732 0.546883 0.54261 0.546787 0.547551 0.552761 
0.552353 0.482168 0.473199 0.474889 0.475955 0.478599 0.481736 0.477833 0.486664 
0.483195 0.480585 0.479944 0.482512 0.482084 0.477147 0.492928 0.477972 0.487963 
0.487321 0.493189 0.486263 0.487382 0.489491 0.484325 0.500652 0.492349 0.497525 
0.491919 0.495332 0.498674 0.492974 0.503808 0.499316 0.497404 0.463673 0.464813 
0.463155 0.465166 0.464201 0.468875 0.464525 0.464002 0.465765 0.467797 0.466504 
0.471754 0.47153 0.466787 0.465502 0.471952 0.468184 0.470175 0.46747 0.466891 
0.469274 0.468884 0.471407 0.475397 0.469997 0.469165 0.471629 0.474279 0.473216 
0.471308 0.472514 0.478553 0.474715 0.476014 0.474666 0.471741 0.470561 0.470981 
0.469064 0.467899 0.48017 0.467957 0.466162 0.468328 0.471717 0.471612 0.473521 
0.464837 0.46679 0.467274 0.469689 0.469387 0.464618 0.463607 0.465658 0.467402 
0.472377 0.465428 0.464194 0.463308 0.464308 0.465789 0.470211 0.463059 0.467677 
0.46996 0.498605 0.493363 0.508848 0.505731 0.493121 0.497319 0.496381 0.501324 
0.501428 0.488303 0.490751 0.490733 0.495508 0.495252 0.484189 0.484522 0.485918 
0.490383 0.491688 0.477577 0.47406 0.485852 0.486373 0.482371 0.48703 0.476265 
0.473796 0.481444 0.480925 0.48332 0.480093 0.476177 0.472869 0.477685 0.477405 
0.481586 0.478492 0.545819 0.550444 0.549305 0.536215 0.540858 0.539706 0.546975 
0.532331 0.531912 0.537978 0.543214 0.54581 0.52634 0.524099 0.523424 0.530948 
0.532385 0.520739 0.517542 0.516916 0.509131 0.523995 0.528706 0.536844 0.524099 
0.511054 0.509844 0.509448 0.516129 0.515852 0.503232 0.502488 0.508168 0.51333 
0.50437 1.46191 1.47015 1.47754 1.48272 1.45261 1.45285 1.46044 1.46736 
1.47475 1.47255 1.48075 1.45859 1.46571 1.46455 1.45094 1.44952 1.457 
1.46569 1.47283 1.44722 1.45558 1.45726 1.4481 1.49511 1.50257 1.5107 
1.51797 1.49115 1.49311 1.50644 1.50461 1.50842 1.51349 1.48706 1.49118 
1.49995 1.50255 1.51119 1.47806 1.47754 1.48589 1.49528 1.49779 1.49933 
1.5052 1.46934 1.48425 1.47894 1.49293 1.4999 1.47078 1.47794 1.48691 
1.4858 1.4909 1.4957 1.46111 1.48853 1.51091 1.51915 1.52394 1.50457 
1.51587 1.51469 1.51924 1.52675 1.50239 1.50816 1.50949 1.51399 1.52255 
1.52598 1.50464 1.52305 1.51009 1.51855 1.51796 1.52488 1.49925 1.50952 
1.51358 1.51476 1.52002 1.5225 1.50438 1.51596 1.5206 1.49247 1.49851 
1.50368 1.5127 1.49765 1.50839 1.50461 1.51486 1.51937 1.49852 1.51014 
1.51504 1.51923 1.4979 1.50316 1.51379 1.51277 1.51908 1.52343 1.49771 
1.50342 1.50473 1.50873 1.51782 1.52232 1.52618 1.50819 1.50925 1.51625 
1.52087 1.52474 1.50047 1.50252 1.51305 1.51768 1.51992 1.52261 1.50652 
1.52679 1.51279 1.47333 1.47717 1.48186 1.46935 1.48619 1.48957 1.49561 
1.49558 1.48069 1.48238 1.49002 1.48953 1.50158 1.50087 1.48248 1.48834 
1.49718 1.49516 1.50253 1.50745 1.48535 1.49271 1.49913 1.51042 1.50897 
1.51306 1.47754 1.49904 1.49185 1.49604 1.50965 1.5148 1.49284 1.50346 
1.50469 1.50519 1.44674 1.44835 1.44631 1.44957 1.45565 1.45217 1.44964 
1.45874 1.4596 1.46492 1.46272 1.45651 1.46695 1.46657 1.47116 1.45132 
1.46505 1.47401 1.4749 1.4829 1.46006 1.48095 1.48874 1.48068 1.46875 
1.41955 1.40269 1.40805 1.40505 1.42598 1.43093 1.38538 1.39365 1.38871 
1.39936 1.41849 1.36643 1.3799 1.37999 1.39491 1.38668 1.39096 1.41254 
1.35257 1.36795 1.3639 1.37425 1.37623 1.39681 1.35325 1.34968 1.36252 
1.36467 1.37336 1.34983 1.34911 1.3807 1.3454 1.35985 1.44462 1.4431 
1.43488 1.44055 1.43167 1.42924 1.43772 1.42026 1.41359 1.42007 1.42741 
1.44348 1.40706 1.40756 1.41584 1.43035 1.4379 1.39885 1.4372 1.42958 
1.40189 1.40996 1.41896 1.43694 1.44068 1.41502 1.41675 1.42141 1.43048 
1.43936 1.42642 1.42893 1.43975 1.4385 1.43714 1.44178 1.35636 1.34653 
1.35463 1.37168 1.35845 1.35107 1.36153 1.36917 1.3807 1.34584 1.35569 
1.36638 1.37529 1.38385 1.39396 1.36059 1.37062 1.38035 1.38871 1.39831 
1.40673 1.37392 1.38528 1.39392 1.40221 1.41133 1.41892 1.38752 1.39821 
1.4069 1.41631 1.43019 1.42434 1.25831 1.27249 1.2893 1.30159 1.31534 
1.31973 1.25998 1.27643 1.29166 1.28204 1.30331 1.23875 1.25448 1.24717 
1.26498 1.27106 1.28785 1.24145 1.25389 1.25651 1.2733 1.23854 1.24077 
1.32929 1.3408 1.31146 1.32555 1.33755 1.33509 1.29443 1.30833 1.32085 
1.32165 1.33564 1.27691 1.30481 1.3068 1.31936 1.33174 1.28969 1.28827 
1.30441 1.31449 1.32551 1.3307 1.29779 1.31039 1.32042 1.33156 1.3413 
1.34477 1.31302 1.32684 1.33639 1.32944 1.34117 1.23754 1.25316 1.25194 
1.25386 1.27174 1.2441 1.25124 1.26841 1.27008 1.28694 1.23782 1.26259 
1.27976 1.28513 1.29981 1.30237 1.25607 1.2734 1.28915 1.29683 1.30866 
1.31529 1.31827 1.24969 1.26852 1.22081 1.20205 1.20374 1.22978 1.23328 
1.16716 1.18554 1.18521 1.22292 1.21309 1.21936 1.14864 1.14644 1.16135 
1.20897 1.19446 1.20494 1.22284 1.15888 1.17617 1.19924 1.18712 1.1277 
1.1222 1.14137 1.12183 1.13954 1.15485 1.17799 1.16904 1.18307 1.12028 
1.13128 1.14938 1.15977 1.13765 1.12965 1.12311 1.13625 1.15159 1.13198 
1.14454 1.1586 1.1711 1.18645 1.16439 1.18161 1.18914 1.2061 1.15498 
1.22218 1.13555 1.15387 1.17809 1.19783 1.20245 1.22041 1.14047 1.16456 
1.1722 1.19147 1.21245 1.21663 1.2343 1.18671 1.20721 1.22572 1.23255 
1.20023 1.21994 1.09041 1.10634 1.00054 1.02363 1.04793 1.0704 1.08553 
1.10264 1.01132 1.03717 1.06371 1.08485 1.10063 1.00172 1.01156 1.02535 
1.04629 1.06554 1.07771 1.10938 1.11773 1.01788 1.03218 1.05368 1.06613 
1.08827 1.09722 1.00591 1.04205 1.05397 1.07605 1.02933 1.04151 1.01842 
1.02003 1.00588 1.02642 1.04202 1.06357 1.00936 1.03504 1.04811 1.07066 
1.08435 1.10612 1.02041 1.04363 1.05779 1.07906 1.09362 1.11529 1.00794 
1.02711 1.04873 1.06534 1.08655 1.10036 1.09669 1.10777 1.00631 1.0352 
1.05755 1.0738 1.01891 1.0374 1.07798 1.09833 1.11726 1.11782 0.889677 
0.903556 0.909832 0.934042 0.88543 0.887016 0.924006 0.944597 0.95792 0.97919 
0.897619 0.914414 0.941062 0.955257 0.963891 0.986808 0.884844 0.906751 0.916519 
0.934959 0.975614 0.899591 0.922138 0.931147 0.95273 0.972583 0.991548 0.915213 
0.936546 0.945767 0.968876 0.993225 0.963423 0.984191 0.993085 0.997592 0.936963 
0.960031 0.984915 0.892041 0.925695 0.946621 0.967133 0.984046 0.93532 0.957058 
0.972952 0.995714 0.883109 0.904148 0.913696 0.948468 0.9497 0.969241 0.988857 
0.885664 0.899324 0.921219 0.930529 0.937544 0.959607 0.981769 0.90887 0.915848 
0.925122 0.972424 0.9972 0.895099 0.903517 0.947066 0.764555 0.777909 0.781787 
0.772582 0.797005 0.815836 0.765282 0.784683 0.791462 0.810883 0.853008 0.774061 
0.778125 0.797157 0.804549 0.830314 0.834671 0.84972 0.791958 0.818106 0.825072 
0.846308 0.866553 0.869581 0.804084 0.81048 0.830741 0.840178 0.862268 0.827948 
0.846553 0.859182 0.878347 0.857386 0.865333 0.87829 0.860988 0.84072 0.847686 
0.859128 0.879351 0.869761 0.821373 0.825432 0.844525 0.788989 0.806799 0.810837 
0.832225 0.825909 0.862277 0.875614 0.792211 0.791743 0.806859 0.820139 0.841112 
0.858097 0.877705 0.77206 0.776619 0.788796 0.802191 0.81735 0.838386 0.855185 
0.772302 0.784413 0.798548 0.81467 0.834278 0.768383 0.767706 0.780501 0.673403 
0.697802 0.714962 0.730626 0.747384 0.692182 0.700676 0.733119 0.72311 0.732896 
0.70511 0.711444 0.727976 0.741682 0.759221 0.723608 0.741525 0.746022 0.752867 
0.735998 0.7542 0.75931 0.664473 0.657631 0.66846 0.678994 0.657325 0.661869 
0.673027 0.684382 0.695233 0.658934 0.670365 0.689427 0.700584 0.716438 0.715043 
0.706868 0.673756 0.685279 0.679515 0.671704 0.682736 0.690561 0.698619 0.707024 
0.657234 0.666258 0.673963 0.680938 0.690076 0.714185 0.657123 0.664087 0.672861 
0.680037 0.695784 0.65756 0.666092 0.753147 0.740997 0.758933 0.754565 0.718174 
0.726949 0.743637 0.736685 0.699897 0.710338 0.718424 0.724978 0.748313 0.750971 
0.762576 0.683867 0.692624 0.699839 0.70739 0.716724 0.734259 0.743427 0.724783 
0.574662 0.578034 0.590237 0.590918 0.581343 0.586212 0.602346 0.6014 0.602699 
0.6161 0.595725 0.598189 0.611067 0.61422 0.614393 0.628721 0.60429 0.610297 
0.62136 0.625738 0.626545 0.639122 0.649646 0.618168 0.629384 0.634471 0.648397 
0.641344 0.631664 0.644271 0.646349 0.653221 0.557239 0.561737 0.558372 0.559994 
0.568968 0.572078 0.580742 0.555487 0.570548 0.562842 0.5784 0.591015 0.562571 
0.566545 0.568969 0.58059 0.581313 0.591408 0.6026 0.564201 0.572939 0.583359 
0.587622 0.595992 0.554575 0.56339 0.562741 0.573614 0.575475 0.584584 0.564252 
0.56827 0.562842 0.574091 0.554099 0.55828 0.643215 0.648538 0.628199 0.632447 
0.64045 0.648909 0.618647 0.624257 0.633685 0.642346 0.651172 0.642957 0.60604 
0.608807 0.618852 0.635143 0.619871 0.629093 0.595427 0.595232 0.605568 0.614829 
0.615115 0.573598 0.584507 0.583039 0.594208 0.594332 0.60631 0.608391 0.57362 
0.601597 0.628408 0.536882 0.510933 0.52227 0.532063 0.527321 0.531739 0.546092 
0.523605 0.526458 0.53543 0.536611 0.546291 0.541798 0.518507 0.532027 0.548634 
0.541873 0.551791 0.541198 0.551762 0.548293 0.540925 0.548986 0.487379 0.487449 
0.496979 0.501748 0.496093 0.513309 0.486637 0.490991 0.492403 0.497177 0.491995 
0.508405 0.509542 0.505711 0.496057 0.499594 0.50418 0.503225 0.516478 0.515464 
0.498182 0.502112 0.509399 0.512131 0.520707 0.506025 0.514284 0.506857 0.523847 
0.515512 0.528421 0.513772 0.518448 0.522435 0.531986 0.478812 0.486364 0.492568 
0.479744 0.498331 0.474287 0.474969 0.481729 0.477552 0.47914 0.485763 0.476911 
0.475561 0.483733 0.491059 0.494386 0.497277 0.479777 0.484269 0.489412 0.500194 
0.494172 0.495535 0.481508 0.48799 0.488837 0.500151 0.484797 0.490277 0.493156 
0.499435 0.482757 0.505355 0.483181 0.47794 0.481788 0.497471 0.486767 0.501848 
0.491395 0.488247 0.495642 0.507077 0.500391 0.502507 0.478499 0.476081 0.482991 
0.491789 0.489447 0.495076 0.474834 0.484879 0.482953 0.485245 0.490621 0.498391 
0.478263 0.480404 0.480178 0.487606 0.472762 0.473877 0.492815 0.47613 0.483179 
0.497083 0.493969 0.488221 0.509445 0.5104 0.539457 0.515929 0.521181 0.516358 
0.524175 0.533406 0.498805 0.506002 0.503232 0.530149 0.497191 0.495472 0.50222 
0.507857 0.513376 0.518389 0.491894 0.500138 0.498896 0.525563 0.489076 0.493416 
0.488321 0.50573 0.511423 0.517441 0.492673 0.497971 0.503278 0.509745 0.508447 
0.484871 0.504633 0.544555 0.553313 0.544741 0.534811 0.543671 0.53393 0.553716 
0.526312 0.52798 0.552087 0.548768 0.517354 0.521343 0.519158 0.53651 0.539719 
0.530846 0.543013 0.513377 0.524005 0.532671 0.543459 1.45198 1.47433 1.44894 
1.45901 1.47875 1.48618 1.45523 1.46494 1.4707 1.47526 1.48402 1.45155 
1.46194 1.46645 1.47108 1.4791 1.45462 1.45675 1.46134 1.46338 1.44687 
1.44748 1.47059 1.45297 1.46167 1.47923 1.48757 1.48996 1.49702 1.4479 
1.45857 1.46859 1.47504 1.48284 1.49598 1.45852 1.45054 1.46701 1.47491 
1.49074 1.49833 1.47481 1.48308 1.48543 1.49262 1.4486 1.45737 1.46645 
1.44704 1.45478 1.46464 1.47134 1.47919 1.48567 1.45223 1.46257 1.46848 
1.47761 1.49216 1.48394 1.4904 1.46968 1.49206 1.45052 1.45654 1.47668 
1.48421 1.45465 1.46133 1.46239 1.46757 1.49039 1.48387 1.4916 1.45835 
1.47232 1.46882 1.4834 1.44651 1.4522 1.47509 1.47841 1.49591 1.49736 
1.45418 1.45847 1.46669 1.47748 1.4845 1.44888 1.46357 1.47239 1.48122 
1.48899 1.49402 1.44822 1.45424 1.46073 1.45662 1.46624 1.46295 1.47232 
1.45036 1.46071 1.47485 1.47901 1.45485 1.47164 1.48649 1.44938 1.46413 
1.45311 1.46192 1.46113 1.47093 1.46991 1.48554 1.47778 1.45243 1.35525 
1.36935 1.35282 1.36289 1.37681 1.34881 1.37151 1.35686 1.39375 1.40436 
1.44309 1.3912 1.40253 1.41419 1.42218 1.43279 1.44252 1.38883 1.3988 
1.41122 1.42161 1.42975 1.43587 1.37832 1.37392 1.38597 1.40364 1.41471 
1.42497 1.35645 1.36682 1.37778 1.39055 1.40121 1.41444 1.42331 1.3537 
1.3661 1.3795 1.39124 1.40308 1.41113 1.35436 1.36668 1.37845 1.39833 
1.38514 1.39145 1.42768 1.43815 1.44515 1.43995 1.43476 1.41847 1.42393 
1.41788 1.4293 1.43758 1.43629 1.40582 1.41668 1.42786 1.44533 1.42547 
1.43502 1.44504 1.44145 1.43731 1.44484 1.40927 1.40386 1.41909 1.43089 
1.4381 1.40967 1.41813 1.42893 1.43981 1.42165 1.43383 1.42662 1.43795 
1.44493 1.44401 1.43138 1.44295 1.43485 1.44558 1.39294 1.3597 1.3963 
1.39191 1.40397 1.36618 1.37191 1.38637 1.38298 1.40605 1.35321 1.35407 
1.37477 1.39951 1.3883 1.40976 1.41908 1.37813 1.39063 1.40161 1.41126 
1.43086 1.36751 1.3823 1.40081 1.41324 1.42238 1.43342 1.37681 1.39716 
1.39105 1.41486 1.42425 1.42348 1.43501 1.44359 1.40489 1.42715 1.43516 
1.44478 1.36028 1.35669 1.36997 1.35417 1.36772 1.38033 1.3777 1.35774 
1.24457 1.29605 1.31105 1.30974 1.34089 1.2953 1.31064 1.32656 1.32398 
1.27756 1.28076 1.30705 1.3406 1.33667 1.2453 1.2642 1.29313 1.32586 
1.32819 1.33381 1.34267 1.25265 1.27327 1.29182 1.29997 1.32051 1.3168 
1.24241 1.25994 1.27584 1.28642 1.31406 1.30485 1.24911 1.26772 1.28371 
1.29841 1.23639 1.25497 1.26795 1.28121 1.24988 1.2634 1.33987 1.32585 
1.34131 1.32807 1.34328 1.34027 1.23662 1.25562 1.24162 1.24931 1.26244 
1.28596 1.28193 1.2526 1.2682 1.27946 1.30219 1.29438 1.25343 1.26611 
1.26095 1.28684 1.29749 1.31554 1.31643 1.24358 1.28491 1.26987 1.30174 
1.32811 1.32884 1.33206 1.2702 1.30085 1.31427 1.27377 1.3413 1.34407 
1.28554 1.30076 1.34273 1.28473 1.3138 1.31546 1.31466 1.34439 1.33002 
1.32828 1.24195 1.12209 1.13726 1.16704 1.20243 1.22103 1.12012 1.14395 
1.15631 1.18369 1.19005 1.21227 1.22532 1.23223 1.13113 1.15145 1.16924 
1.18701 1.20505 1.15257 1.17163 1.16843 1.13398 1.14961 1.12986 1.22502 
1.23365 1.17261 1.19468 1.21445 1.14255 1.14933 1.18263 1.20362 1.22424 
1.22989 1.12624 1.16302 1.17514 1.19289 1.21153 1.21581 1.1915 1.13211 
1.18074 1.18816 1.20937 1.22969 1.14638 1.15338 1.20249 1.2224 1.16949 
1.19124 1.21432 1.23441 1.18334 1.20239 1.22252 1.23421 1.12001 1.12721 
1.13772 1.15691 1.17843 1.12539 1.14426 1.1523 1.17356 1.19264 1.13685 
1.15692 1.16467 1.1852 1.20443 1.21186 1.23118 1.12459 1.14584 1.16665 
1.17607 1.19566 1.2165 1.22295 1.08223 1.01314 1.03481 1.05859 1.10143 
1.01862 1.03949 1.05949 1.08032 1.09991 1.00074 1.0177 1.04151 1.06796 
1.08918 1.11052 1.00652 1.02736 1.04928 1.07445 1.09655 1.11781 1.01786 
1.03875 1.05855 1.07694 1.11388 1.1099 1.00412 1.02683 1.05226 1.07385 
1.09341 1.01442 1.0355 1.05615 1.06942 1.10531 1.07455 1.11228 1.0963 
1.04471 1.08138 1.00971 1.02501 1.064 1.05997 1.10028 1.00473 1.02349 
1.04292 1.08267 1.11827 1.00077 1.01371 1.04341 1.06495 1.10281 1.0089 
1.04984 1.06744 1.08582 1.10539 1.00014 1.02294 1.02977 1.04471 1.06677 
1.08935 1.11487 1.01622 1.03735 1.06621 1.08371 1.10379 1.05468 1.09142 
0.937279 0.958654 0.973724 0.884126 0.899786 0.920361 0.941294 0.979851 0.995411 
0.895983 0.904033 0.926525 0.960592 0.987348 0.916847 0.944865 0.966533 0.986159 
0.91364 0.890438 0.89482 0.913449 0.932471 0.951818 0.972853 0.995675 0.908075 
0.927933 0.936745 0.960088 0.982156 0.948131 0.969392 0.992093 0.894509 0.915099 
0.921963 0.899513 0.928525 0.965392 0.986729 0.889657 0.90806 0.92419 0.946393 
0.962677 0.984134 0.886739 0.903068 0.919039 0.942541 0.973792 0.991727 0.882223 
0.899973 0.933387 0.953719 0.972001 0.984998 0.896278 0.916863 0.946473 0.938896 
0.960911 0.901901 0.923382 0.935951 0.958239 0.976799 0.996772 0.887164 0.910689 
0.97678 0.863629 0.773803 0.787018 0.805036 0.822171 0.84368 0.879561 0.84007 
0.858444 0.876315 0.802354 0.794039 0.822752 0.814573 0.836994 0.853615 0.857186 
0.874826 0.830904 0.871086 0.775869 0.773159 0.790939 0.811846 0.772219 0.789654 
0.808959 0.830241 0.843764 0.771787 0.790831 0.808508 0.825358 0.860778 0.871653 
0.771152 0.790151 0.807327 0.825811 0.843302 0.880298 0.867433 0.768169 0.818322 
0.832286 0.875174 0.783738 0.797883 0.813761 0.832128 0.848394 0.778936 0.777999 
0.795356 0.812809 0.851728 0.776867 0.794874 0.870915 0.851467 0.865975 0.794143 
0.809876 0.829739 0.845921 0.862216 0.773788 0.790514 0.825935 0.841154 0.85873 
0.87858 0.782957 0.804482 0.821294 0.83842 0.878806 0.802812 0.854445 0.758622 
0.663152 0.667577 0.704456 0.673451 0.678328 0.697076 0.723509 0.6572 0.693874 
0.686993 0.710443 0.657101 0.66951 0.667601 0.689267 0.707543 0.725833 0.741298 
0.759704 0.675579 0.688348 0.681043 0.695712 0.710628 0.724953 0.740538 0.758278 
0.705342 0.708102 0.726122 0.740809 0.755797 0.69151 0.707023 0.72274 0.739707 
0.755521 0.723539 0.738959 0.754527 0.73908 0.756351 0.656341 0.665597 0.680313 
0.660822 0.669737 0.665744 0.72541 0.734781 0.750935 0.708674 0.743226 0.733557 
0.762866 0.702184 0.71523 0.720609 0.742592 0.679921 0.696317 0.686401 0.710559 
0.727945 0.743059 0.759685 0.671146 0.663576 0.693165 0.696375 0.72676 0.742474 
0.75947 0.758508 0.657632 0.659208 0.681125 0.697263 0.711269 0.724072 0.738783 
0.676403 0.680883 0.709677 0.668594 0.664829 0.692245 0.706258 0.676348 0.687071 
0.722523 0.754343 0.763876 0.615638 0.630683 0.628079 0.628151 0.643099 0.64727 
0.641011 0.639915 0.65426 0.588351 0.601314 0.561149 0.569373 0.580905 0.587505 
0.597887 0.609736 0.556293 0.564985 0.576726 0.572425 0.594127 0.607418 0.618284 
0.62113 0.568897 0.582195 0.584072 0.596551 0.606929 0.630033 0.632975 0.600475 
0.588318 0.610595 0.621084 0.643639 0.592612 0.595337 0.611415 0.624728 0.637107 
0.604483 0.606659 0.621244 0.635458 0.639234 0.651574 0.617003 0.65149 0.565706 
0.556468 0.559993 0.577507 0.573533 0.562347 0.571072 0.553805 0.571201 0.582714 
0.557004 0.558662 0.567596 0.579566 0.591642 0.557764 0.565641 0.576602 0.553906 
0.55664 0.555569 0.557755 0.563621 0.560869 0.5812 0.570878 0.561995 0.572161 
0.597871 0.553799 0.584962 0.569248 0.575563 0.588857 0.554034 0.580763 0.567861 
0.558379 0.562923 0.56423 0.55687 0.573914 0.614303 0.613307 0.635937 0.649941 
0.590816 0.604177 0.627502 0.598056 0.645618 0.654671 0.579479 0.600693 0.587951 
0.586635 0.628415 0.640066 0.650356 0.575555 0.609833 0.615484 0.622869 0.613784 
0.622683 0.62695 0.636362 0.564379 0.559919 0.580138 0.602263 0.600457 0.607518 
0.57324 0.569385 0.585341 0.591246 0.593273 0.560703 0.572042 0.602486 0.593268 
0.581472 0.615775 0.606642 0.642457 0.633283 0.648247 0.622841 0.640223 0.65385 
0.619683 0.639514 0.55266 0.519642 0.52593 0.533228 0.51256 0.53475 0.527274 
0.54416 0.550182 0.534167 0.544249 0.522394 0.538308 0.53025 0.541712 0.522878 
0.539113 0.548478 0.552524 0.539416 0.530072 0.550002 0.54184 0.548176 0.532567 
0.541704 0.518012 0.526678 0.504374 0.501843 0.528301 0.53701 0.547676 0.504692 
0.509271 0.514776 0.532007 0.51068 0.542635 0.507103 0.505285 0.513286 0.522287 
0.536741 0.546234 0.522974 0.518221 0.52763 0.532172 0.551648 0.512373 0.541372 
0.525219 0.519883 0.546708 0.542046 0.509302 0.517691 0.537044 0.52865 0.547821 
0.521402 0.514386 0.541088 0.517079 0.51592 0.523758 0.530705 0.547886 0.510251 
0.519202 0.532412 0.552865 0.549315 0.50439 0.510577 0.540133 0.540013 0.53936 
0.504478 0.532739 0.51391 0.524594 0.529648 0.550991 0.516354 0.522654 0.531536 
0.541068 0.54976 0.50871 0.500906 0.508645 0.524458 0.551811 0.551568 0.542821 
0.524722 0.534068 0.542605 0.542194 0.525679 0.53308 0.541744 0.544538 0.538087 
0.552334 0.535427 0.529838 0.531144 0.547695 0.546565 0.515375 0.522139 0.515385 
0.522291 0.537215 0.553368 0.549504 1.35753 1.36936 1.38127 1.35528 1.35296 
1.36756 1.35139 1.36501 1.39282 1.40762 1.42103 1.43093 1.34817 1.36409 
1.37855 1.40989 1.39816 1.42137 1.35291 1.35987 1.3856 1.37103 1.39752 
1.41589 1.41072 1.36486 1.37474 1.39104 1.40395 1.35043 1.37902 1.38561 
1.39646 1.40719 1.34628 1.35546 1.3719 1.38299 1.39559 1.36094 1.37086 
1.38247 1.42637 1.4138 1.35264 1.41961 1.38118 1.39557 1.40833 1.42004 
1.43742 1.43037 1.38659 1.36717 1.43069 1.4403 1.36549 1.37369 1.38682 
1.39905 1.40901 1.41906 1.35822 1.38113 1.37235 1.3649 1.396 1.42834 
1.4388 1.35889 1.35021 1.39472 1.40659 1.41784 1.42571 1.43656 1.34923 
1.35772 1.38099 1.407 1.38651 1.41388 1.4341 1.35764 1.37246 1.39995 
1.38031 1.3478 1.34944 1.35428 1.36692 1.38029 1.39209 1.41386 1.40336 
1.4132 1.42556 1.36984 1.36546 1.37667 1.39049 1.40248 1.41574 1.42699 
1.36188 1.36171 1.3884 1.42213 1.41514 1.43367 1.43532 1.44168 1.38917 
1.38622 1.37566 1.41032 1.40116 1.42824 1.43925 1.35418 1.3655 1.38036 
1.40009 1.40841 1.43316 1.44358 1.34945 1.37463 1.39499 1.40188 1.42137 
1.35897 1.36756 1.3822 1.38968 1.34753 1.36647 1.37375 1.38783 1.39648 
1.35713 1.37047 1.38131 1.39407 1.40236 1.41521 1.38227 1.36973 1.39606 
1.40612 1.41833 1.35694 1.35401 1.39158 1.40367 1.40971 1.42377 1.35615 
1.36796 1.38037 1.39271 1.41529 1.42595 1.35374 1.34651 1.36256 1.34621 
1.35402 1.36948 1.3528 1.36183 1.37604 1.38407 1.2385 1.27143 1.29291 
1.25249 1.26546 1.28143 1.24725 1.25461 1.27352 1.33363 1.25732 1.26914 
1.2883 1.30262 1.31779 1.33155 1.34489 1.24767 1.25344 1.2855 1.2872 
1.30352 1.31718 1.34026 1.23954 1.25727 1.27112 1.29531 1.30958 1.3196 
1.33838 1.2446 1.26212 1.27452 1.29311 1.32575 1.32499 1.34105 1.25123 
1.27787 1.28739 1.3077 1.3135 1.32721 1.23582 1.25219 1.26905 1.28127 
1.29777 1.31091 1.26279 1.34119 1.33078 1.32153 1.31145 1.32646 1.34435 
1.33691 1.307 1.32184 1.336 1.27665 1.29269 1.30707 1.32013 1.33835 
1.29068 1.30455 1.33201 1.34306 1.34217 1.33337 1.34071 1.27433 1.28912 
1.29996 1.31722 1.33282 1.34356 1.29996 1.30538 1.33006 1.31629 1.3298 
1.34405 1.3141 1.34107 1.34182 1.31377 1.32812 1.32276 1.33975 1.25206 
1.26095 1.27982 1.29557 1.31121 1.24373 1.26208 1.27218 1.29073 1.3103 
1.3267 1.25227 1.27971 1.29674 1.3068 1.32288 1.23997 1.25925 1.27071 
1.28837 1.30587 1.31421 1.33081 1.33878 1.24791 1.26539 1.2789 1.29526 
1.31119 1.32222 1.33809 1.24782 1.26547 1.28057 1.29719 1.32148 1.32853 
1.26107 1.28252 1.29493 1.31116 1.32741 1.33786 1.2502 1.23711 1.25512 
1.26916 1.23987 1.2506 1.26746 1.2826 1.29721 1.12897 1.18459 1.2026 
1.22009 1.13006 1.16771 1.16629 1.18262 1.20119 1.21894 1.23532 1.14452 
1.14864 1.16496 1.19975 1.20221 1.22043 1.12664 1.14666 1.16097 1.1827 
1.18977 1.21556 1.23501 1.13622 1.15063 1.17048 1.18157 1.204 1.12902 
1.13857 1.15977 1.23474 1.21484 1.22216 1.20379 1.20332 1.22494 1.13426 
1.16576 1.18592 1.19141 1.20981 1.22909 1.13819 1.15552 1.17609 1.19072 
1.21663 1.15275 1.17282 1.13932 1.16036 1.18156 1.21288 1.23228 1.13058 
1.15084 1.17144 1.19205 1.20247 1.2238 1.16392 1.18328 1.20205 1.21353 
1.23337 1.19634 1.22011 1.21355 1.23042 1.23142 1.1723 1.13858 1.13618 
1.16058 1.1207 1.14629 1.15423 1.12758 1.16585 1.16832 1.18974 1.2034 
1.20925 1.12848 1.1455 1.16434 1.18567 1.2002 1.21956 1.22116 1.13004 
1.14649 1.18217 1.18288 1.21592 1.23416 1.12786 1.14806 1.1623 1.17231 
1.20129 1.22078 1.19418 1.0244 1.04553 1.06133 1.08333 1.10511 1.0018 
1.05369 1.06516 1.0901 1.11077 1.00801 1.03324 1.0363 1.07365 1.09164 
1.11558 1.02359 1.04686 1.06834 1.08588 1.10595 1.01499 1.01021 1.05165 
1.06573 1.09623 1.11604 1.01276 1.03036 1.07447 1.06014 1.08093 1.10268 
1.00352 1.02383 1.03862 1.06809 1.0933 1.10692 1.11788 1.00957 1.03001 
1.04454 1.04993 1.08799 1.03732 1.09826 1.11848 1.05463 1.09725 1.11712 
1.01548 1.03603 1.00413 1.03745 1.05746 1.07859 1.11923 1.00209 1.02181 
1.03966 1.05937 1.08407 1.09934 1.11839 1.01968 1.0376 1.05244 1.05829 
1.08038 1.10034 1.015 1.03403 1.06828 1.08935 1.10681 1.01544 1.03309 
1.05328 1.07121 1.09036 1.10945 1.00537 1.01134 1.05106 1.07246 1.09161 
1.11081 1.02616 1.06674 1.08815 1.10785 1.03114 1.04566 1.07582 1.00828 
0.926264 0.974687 0.903058 0.949521 0.963205 0.892274 0.914742 0.927756 0.938844 
0.97451 0.986008 0.884157 0.904937 0.91993 0.953242 0.957678 0.994641 0.898833 
0.914137 0.931876 0.939658 0.978144 0.997993 0.893954 0.903788 0.936432 0.972049 
0.990548 0.884717 0.905622 0.923505 0.952676 0.970563 0.986945 0.887596 0.926648 
0.948152 0.946731 0.986189 0.910262 0.934806 0.954172 0.966286 0.991031 0.968898 
0.888945 0.911617 0.890395 0.944637 0.989866 0.908163 0.928642 0.949501 0.966222 
0.983101 0.888083 0.91703 0.94084 0.963746 0.979219 0.89565 0.933153 0.954938 
0.973122 0.995629 0.891285 0.911401 0.925187 0.951636 0.977772 0.996049 0.884493 
0.904023 0.918904 0.939088 0.958809 0.994475 0.890485 0.902019 0.938498 0.926335 
0.972176 0.987249 0.896859 0.911239 0.925885 0.949186 0.968016 0.965101 0.947332 
0.987908 0.775306 0.794276 0.813926 0.83343 0.855551 0.878683 0.776227 0.797618 
0.810247 0.828857 0.850333 0.871469 0.764995 0.784096 0.791097 0.829787 0.845644 
0.864921 0.770403 0.788929 0.803378 0.81735 0.83724 0.85418 0.876616 0.793992 
0.808637 0.822105 0.842088 0.858918 0.878772 0.828381 0.848262 0.863693 0.85228 
0.867713 0.774694 0.792739 0.766919 0.775643 0.793078 0.8105 0.784354 0.805456 
0.825269 0.844704 0.780606 0.799148 0.818547 0.839716 0.863625 0.804311 0.783318 
0.820878 0.875287 0.771759 0.768962 0.801811 0.801242 0.838921 0.857639 0.786642 
0.818479 0.837166 0.782624 0.803229 0.772511 0.792381 0.868206 0.851908 0.873867 
0.794449 0.811428 0.831945 0.858251 0.878187 0.772485 0.805116 0.820276 0.839636 
0.844535 0.866905 0.770612 0.787073 0.808469 0.824447 0.828281 0.845584 0.787847 
0.778736 0.818814 0.854571 0.878877 0.766139 0.789932 0.797306 0.83301 0.844862 
0.865291 0.869273 0.812413 0.823891 0.857157 0.709298 0.740356 0.716271 0.744951 
0.757876 0.734202 0.726798 0.751487 0.695224 0.671016 0.683928 0.700615 0.715473 
0.729668 0.750197 0.67149 0.656124 0.685562 0.707221 0.718486 0.738541 0.733276 
0.75112 0.654785 0.670409 0.696135 0.711352 0.725216 0.742706 0.75859 0.662547 
0.670357 0.683368 0.696967 0.713955 0.729168 0.656342 0.68231 0.686076 0.69812 
0.715084 0.73089 0.747882 0.760605 0.674492 0.692036 0.702775 0.733371 0.746253 
0.763555 0.72185 0.755235 0.659051 0.6659 0.670385 0.674426 0.7058 0.65955 
0.673671 0.68807 0.658423 0.676162 0.689076 0.663953 0.678131 0.692076 0.705954 
0.66495 0.707603 0.722322 0.6549 0.659147 0.663113 0.657243 0.678018 0.696729 
0.720651 0.669735 0.661724 0.686659 0.69215 0.704048 0.717659 0.67947 0.657349 
0.708371 0.685259 0.66385 0.674038 0.670608 0.660317 0.658697 0.674684 0.741955 
0.698639 0.663191 0.68226 0.69338 0.71046 0.723821 0.761869 0.669554 0.690101 
0.706739 0.723088 0.745858 0.737496 0.764077 0.685756 0.698849 0.704757 0.715192 
0.731737 0.754441 0.753735 0.658526 0.674606 0.673792 0.685044 0.719241 0.736442 
0.747671 0.711307 0.72327 0.705304 0.741956 0.668968 0.700833 0.659396 0.687446 
0.732187 0.763443 0.677972 0.693823 0.746944 0.739078 0.755036 0.752187 0.71536 
0.728083 0.7319 0.761049 0.615262 0.635542 0.628611 0.626123 0.641217 0.64229 
0.654521 0.646684 0.607211 0.634678 0.580693 0.599725 0.611378 0.62612 0.649297 
0.588598 0.587626 0.620487 0.593549 0.634778 0.642699 0.650306 0.568792 0.585461 
0.601722 0.611185 0.615576 0.630497 0.645392 0.594029 0.598073 0.606869 0.624588 
0.649615 0.604154 0.620826 0.635609 0.647157 0.61706 0.639254 0.631095 0.578194 
0.556623 0.56695 0.576267 0.587103 0.597267 0.619218 0.632858 0.647265 0.565035 
0.569694 0.583167 0.596543 0.620895 0.609162 0.634491 0.647646 0.563491 0.562104 
0.584896 0.595142 0.608645 0.621126 0.633784 0.648881 0.566242 0.581923 0.593388 
0.610266 0.62568 0.634158 0.57299 0.604603 0.608604 0.62937 0.640718 0.644281 
0.576804 0.584571 0.598565 0.616675 0.620798 0.573806 0.5979 0.583219 0.596333 
0.634258 0.559097 0.568732 0.620008 0.648687 0.580093 0.577823 0.590588 0.610802 
0.623197 0.619246 0.559353 0.56636 0.587039 0.586342 0.605912 0.60679 0.620198 
0.637001 0.557199 0.573533 0.575551 0.564207 0.598534 0.593673 0.608961 0.634643 
0.644507 0.649957 0.567679 0.591096 0.596105 0.606049 0.61736 0.64462 0.570173 
0.583026 0.600529 0.622912 0.64537 0.631547 0.63278 0.611744 0.636914 0.603423 
0.598355 0.615494 0.621943 0.645514 0.65216 0.592303 0.604106 0.654124 0.625497 
0.629298 0.634059 0.605997 0.579904 0.611994 0.6143 0.639319 0.649241 0.586828 
0.592683 0.621494 0.62901 0.646458 0.642644 0.642481 0.585604 0.600399 0.619765 
0.57485 0.608802 0.632722 0.647504 0.6431 0.620349 0.62997 0.634296 0.652547 
0.64457 0.628863 1.24002 1.24241 1.32353 1.27235 1.29559 1.24049 1.25864 
1.25274 1.28905 1.30591 1.3134 1.27688 1.28641 1.30425 1.24977 1.26795 
1.2782 1.29479 1.24556 1.2627 1.27901 1.24298 1.25957 1.25886 1.29886 
1.26908 1.33601 1.32753 1.34253 1.23653 1.27156 1.25431 1.23597 1.29877 
1.31478 1.29412 1.26716 1.304 1.32764 1.24601 1.25321 1.25074 1.28266 
1.31195 1.32042 1.33559 1.24749 1.27847 1.31714 1.28141 1.3098 1.26546 
1.29847 1.28576 1.2941 1.26289 1.27831 1.32584 1.25914 1.28021 1.23601 
1.24943 1.26708 1.29786 1.31412 1.25271 1.27527 1.28441 1.30119 1.31255 
1.32666 1.24482 1.23986 1.28887 1.27092 1.32212 1.3187 1.33021 1.25756 
1.26855 1.3056 1.31017 1.33816 1.33516 1.24832 1.26255 1.27906 1.29439 
1.33047 1.32559 1.34013 1.25307 1.28444 1.31489 1.30054 1.29227 1.24286 
1.25826 1.24167 1.23877 1.27495 1.25653 1.25418 1.26947 1.28664 1.24323 
1.24072 1.28198 1.3036 1.29896 1.25647 1.23588 1.2729 1.26839 1.3107 
1.26072 1.28617 1.29247 1.13318 1.17205 1.22132 1.12983 1.16803 1.18828 
1.2065 1.20527 1.22749 1.1259 1.15172 1.14703 1.16067 1.18389 1.12044 
1.13998 1.15834 1.19521 1.1257 1.14594 1.1768 1.20876 1.13878 1.13653 
1.22137 1.14801 1.15487 1.1934 1.17397 1.20797 1.22577 1.12943 1.18314 
1.16298 1.17639 1.20257 1.21626 1.13599 1.16606 1.15642 1.18742 1.23433 
1.13994 1.17473 1.19629 1.21076 1.23003 1.1376 1.15627 1.19326 1.20864 
1.22828 1.17674 1.19132 1.22461 1.15407 1.13946 1.1638 1.20309 1.18441 
1.17595 1.19715 1.21706 1.1429 1.18501 1.21326 1.21787 1.23366 1.15998 
1.1321 1.15415 1.16505 1.21179 1.17836 1.12808 1.14592 1.15088 1.14479 
1.19049 1.2274 1.21378 1.23212 1.12275 1.12783 1.16791 1.19976 1.23099 
1.12424 1.16369 1.18884 1.1785 1.19694 1.12095 1.14339 1.16482 1.1787 
1.19849 1.21825 1.13093 1.14972 1.18431 1.18735 1.20462 1.2232 1.12914 
1.15186 1.16887 1.19117 1.20735 1.1583 1.16824 1.21237 1.22621 1.2294 
1.12213 1.14345 1.13816 1.15138 1.17761 1.19697 1.19147 1.23463 1.13236 
1.21188 1.17072 1.22012 1.17247 1.13442 1.15368 1.18998 1.20774 1.22518 
1.13199 1.15125 1.16965 1.18686 1.20452 1.22281 1.13072 1.15092 1.16905 
1.20545 1.22087 1.13442 1.14941 1.18557 1.20552 1.22196 1.15359 1.16907 
1.187 1.20302 1.22472 1.15891 1.19101 1.21165 1.23213 1.17259 1.13676 
1.11961 1.14245 1.12265 1.13291 1.15415 1.17629 1.14217 1.16167 1.17813 
1.1953 1.11983 1.13817 1.15734 1.19343 1.21244 1.13705 1.15541 1.17502 
1.2091 1.22936 1.19111 1.06908 1.0431 1.0907 1.11347 1.01147 1.02098 
1.06574 1.0747 1.09494 1.0328 1.04369 1.05418 1.08662 1.10863 1.00553 
1.02197 1.0643 1.07896 1.10081 1.02336 1.04147 1.06226 1.08291 1.10484 
1.00366 1.02602 1.04409 1.05356 1.08982 1.11113 1.01028 1.03098 1.04918 
1.07678 1.01501 1.02088 1.00105 1.01759 1.05286 1.07849 1.11801 1.00784 
1.04341 1.05921 1.01619 1.07405 1.09969 1.03978 1.02221 1.03035 1.09729 
1.11159 1.10053 1.09421 1.00028 1.05824 1.07335 1.09613 1.07872 1.09278 
1.11717 1.00837 1.03748 1.04551 1.06801 1.08068 1.11685 1.11462 1.03135 
1.05686 1.11783 1.09696 1.02309 1.04002 1.06002 1.09377 1.11684 1.07905 
1.00771 1.00237 1.04563 1.05213 1.09004 1.06969 1.11002 1.1107 1.01274 
1.05179 1.01524 1.02931 1.02748 1.03934 1.09007 1.07117 1.03153 1.04879 
1.06698 1.08644 1.10638 1.01048 1.0601 1.03364 1.06866 1.10408 1.08364 
1.00684 1.041 1.11361 1.1048 1.0292 1.01644 1.05121 1.06251 1.0832 
1.10093 1.06246 1.07264 1.04817 1.02723 1.03829 1.00236 1.01565 1.0822 
1.09319 1.10636 1.0041 1.0149 1.03768 1.06941 1.06085 1.08478 1.11358 
1.02512 1.05102 1.07562 1.09683 1.11744 1.01385 1.03459 1.05527 1.07242 
1.0946 1.11631 1.00232 1.01511 1.05184 1.07316 1.11 1.11349 1.0265 
1.03618 1.07714 1.05403 1.11243 1.00571 1.0309 1.05771 1.09226 1.0938 
1.09222 1.0193 1.03993 1.05812 1.07408 1.0951 1.11463 1.0236 1.00918 
1.04997 1.09703 1.07474 1.11625 1.03088 1.04307 1.02105 1.03364 1.06645 
1.08935 1.11019 1.02653 1.05493 1.07645 1.09652 1.00764 1.01221 1.04774 
1.06943 1.08933 1.11029 1.00237 1.02584 1.04393 1.06564 1.08354 1.10347 
1.00965 1.02539 1.04327 1.06226 1.09959 1.00202 1.02391 1.04475 1.06362 
1.08083 1.09723 1.11934 1.07516 0.931764 0.953275 0.998692 0.885212 0.917758 
0.940551 0.977438 0.989131 0.897441 0.910196 0.930303 0.953572 0.964369 0.998309 
0.888241 0.899648 0.922512 0.944718 0.975203 0.985661 0.891313 0.911069 0.931796 
0.954394 0.965706 0.989503 0.881337 0.920579 0.943144 0.956003 0.966399 0.980228 
0.900406 0.935362 0.976103 0.913989 0.994422 0.886054 0.924157 0.883942 0.905288 
0.924557 0.944895 0.96141 0.994375 0.892355 0.906981 0.965366 0.957308 0.981322 
0.944824 0.910655 0.928902 0.948923 0.92424 0.892691 0.916992 0.931247 0.971339 
0.986445 0.994168 0.884152 0.904306 0.939709 0.944898 0.962258 0.979859 0.891089 
0.908637 0.96595 0.985853 0.891353 0.908845 0.89004 0.929332 0.96567 0.946517 
0.982982 0.891652 0.910532 0.928079 0.97057 0.98554 0.896235 0.913508 0.932027 
0.949956 0.954431 0.956457 0.997123 0.880738 0.916162 0.936354 0.93676 0.97533 
0.99711 0.899078 0.918026 0.938857 0.957775 0.975652 0.901956 0.969516 0.984297 
0.991691 0.912059 0.954036 0.934556 0.975555 0.998523 0.889059 0.986836 0.901022 
0.921292 0.940324 0.955817 0.881227 0.895098 0.917105 0.937399 0.962094 0.976644 
0.994887 0.89909 0.918966 0.937032 0.957192 0.975528 0.977201 0.913996 0.915784 
0.896028 0.95511 0.936992 0.977126 0.9938 0.961207 0.920495 0.882123 0.898301 
0.942485 0.967502 0.991675 0.884428 0.90166 0.907151 0.921899 0.959159 0.980195 
0.886249 0.907535 0.939331 0.948036 0.969969 0.992957 0.896213 0.926432 0.961414 
0.983295 0.99696 0.91822 0.939176 0.953216 0.974367 0.988054 0.89945 0.917426 
0.932184 0.964997 0.898539 0.938944 0.956282 0.899926 0.921452 0.933221 0.961341 
0.98013 0.888973 0.905658 0.92735 0.941238 0.949028 0.983064 0.994124 0.999907 
0.88153 0.910067 0.939095 0.963335 0.972069 0.895681 0.918021 0.952758 0.977174 
0.986225 0.911098 0.931725 0.946793 0.968124 0.988601 0.896248 0.916186 0.93556 
0.978767 0.956196 0.787143 0.841625 0.76865 0.801398 0.805736 0.822973 0.825117 
0.861813 0.876736 0.764864 0.782776 0.797396 0.819996 0.854133 0.865136 0.814414 
0.835491 0.841514 0.876837 0.828852 0.848738 0.855647 0.87059 0.862743 0.804468 
0.767228 0.847725 0.86792 0.782782 0.819064 0.825991 0.768242 0.782959 0.800964 
0.838992 0.853804 0.860688 0.781606 0.790935 0.814419 0.834353 0.849322 0.87309 
0.870991 0.764909 0.778262 0.801613 0.816225 0.82576 0.790435 0.797283 0.830994 
0.837245 0.772127 0.810421 0.850736 0.861152 0.870756 0.81407 0.870342 0.795555 
0.781215 0.806965 0.832072 0.850553 0.870052 0.77705 0.787569 0.79157 0.846176 
0.842115 0.861286 0.769303 0.808834 0.804824 0.823457 0.862527 0.833269 0.77686 
0.829851 0.824916 0.862411 0.878275 0.778802 0.824466 0.843502 0.858941 0.880094 
0.774663 0.797178 0.843806 0.795511 0.813605 0.823347 0.793727 0.775287 0.817447 
0.811326 0.829252 0.778145 0.78184 0.871455 0.86772 0.880141 0.772888 0.797738 
0.809386 0.837789 0.848715 0.8618 0.767044 0.791518 0.786164 0.828161 0.842291 
0.859334 0.782452 0.803288 0.848083 0.817753 0.87401 0.877373 0.799747 0.807756 
0.836441 0.856152 0.851585 0.78088 0.769206 0.841273 0.865071 0.80352 0.824316 
0.862401 0.773617 0.809056 0.823453 0.844637 0.791402 0.792074 0.851012 0.827597 
0.847296 0.867862 0.766941 0.779791 0.797728 0.813299 0.817278 0.840821 0.865697 
0.782232 0.803894 0.841727 0.860924 0.879904 0.877924 0.80798 0.832127 0.854569 
0.76979 0.788238 0.82987 0.876709 0.854936 0.814759 0.831981 0.850681 0.869603 
0.783319 0.821202 0.836853 0.85816 0.874713 0.771977 0.793747 0.802973 0.840899 
0.838702 0.857728 0.877895 0.804957 0.822003 0.859192 0.786976 0.820352 0.878946 
0.763442 0.701896 0.691615 0.749787 0.688943 0.71831 0.728818 0.729721 0.70145 
0.735395 0.75131 0.685189 0.718097 0.747533 0.752447 0.708223 0.729144 0.735335 
0.720531 0.739022 0.758897 0.739138 0.754837 0.658987 0.686463 0.759804 0.660171 
0.673054 0.688983 0.704933 0.720151 0.728962 0.674245 0.690887 0.718542 0.704437 
0.738407 0.753131 0.66143 0.677369 0.692958 0.706555 0.730453 0.755178 0.73656 
0.665002 0.683731 0.705677 0.722974 0.743723 0.740526 0.669255 0.683508 0.71405 
0.724508 0.757807 0.67461 0.698306 0.745683 0.709452 0.761844 0.699157 0.691957 
0.704743 0.678014 0.724717 0.743532 0.757664 0.671752 0.694697 0.712434 0.747009 
0.762228 0.722756 0.666745 0.683333 0.715315 0.687602 0.739017 0.700706 0.729828 
0.694648 0.735202 0.759426 0.659634 0.658472 0.674814 0.707686 0.732062 0.748863 
0.754038 0.671688 0.684485 0.716352 0.714902 0.763977 0.746688 0.735809 0.755122 
0.751668 0.724825 0.736582 0.759377 0.729654 0.74755 0.700998 0.717463 0.711837 
0.721543 0.743332 0.762842 0.688432 0.719593 0.704585 0.73506 0.752737 0.740385 
0.693873 0.675692 0.739316 0.751895 

